/*--------------------------------*- C++ -*----------------------------------*\
| =========                 |                                                 |
| \\      /  F ield         | OpenFOAM: The Open Source CFD Toolbox           |
|  \\    /   O peration     | Version:  2312                                  |
|   \\  /    A nd           | Website:  www.openfoam.com                      |
|    \\/     M anipulation  |                                                 |
\*---------------------------------------------------------------------------*/
FoamFile
{
    version     2.0;
    format      ascii;
    arch        "LSB;label=32;scalar=64";
    note        "nPoints:19850  nCells:9700  nFaces:39025  nInternalFaces:19175";
    class       labelList;
    location    "constant/polyMesh";
    object      neighbour;
}
// * * * * * * * * * * * * * * * * * * * * * * * * * * * * * * * * * * * * * //


19175
(
1
20
380
2
21
381
3
22
382
4
23
383
5
24
384
6
25
385
7
26
386
8
27
387
9
28
388
10
29
389
11
30
390
12
31
391
13
32
392
14
33
393
15
34
394
16
35
395
17
36
396
18
37
397
19
38
398
39
399
2909
21
40
22
41
23
42
24
43
25
44
26
45
27
46
28
47
29
48
30
49
31
50
32
51
33
52
34
53
35
54
36
55
37
56
38
57
39
58
59
2908
41
60
42
61
43
62
44
63
45
64
46
65
47
66
48
67
49
68
50
69
51
70
52
71
53
72
54
73
55
74
56
75
57
76
58
77
59
78
79
2907
61
80
62
81
63
82
64
83
65
84
66
85
67
86
68
87
69
88
70
89
71
90
72
91
73
92
74
93
75
94
76
95
77
96
78
97
79
98
99
2906
81
100
82
101
83
102
84
103
85
104
86
105
87
106
88
107
89
108
90
109
91
110
92
111
93
112
94
113
95
114
96
115
97
116
98
117
99
118
119
2905
101
120
102
121
103
122
104
123
105
124
106
125
107
126
108
127
109
128
110
129
111
130
112
131
113
132
114
133
115
134
116
135
117
136
118
137
119
138
139
2904
121
140
122
141
123
142
124
143
125
144
126
145
127
146
128
147
129
148
130
149
131
150
132
151
133
152
134
153
135
154
136
155
137
156
138
157
139
158
159
2903
141
160
142
161
143
162
144
163
145
164
146
165
147
166
148
167
149
168
150
169
151
170
152
171
153
172
154
173
155
174
156
175
157
176
158
177
159
178
179
2902
161
180
162
181
163
182
164
183
165
184
166
185
167
186
168
187
169
188
170
189
171
190
172
191
173
192
174
193
175
194
176
195
177
196
178
197
179
198
199
2901
181
3309
182
3319
183
3329
184
3339
185
3349
186
3359
187
3369
188
3379
189
3389
190
3399
191
3409
192
3419
193
3429
194
3439
195
3449
196
3459
197
3469
198
3479
199
3489
2900
3499
201
220
5050
202
221
5060
203
222
5070
204
223
5080
205
224
5090
206
225
5100
207
226
5110
208
227
5120
209
228
5130
210
229
5140
211
230
5150
212
231
5160
213
232
5170
214
233
5180
215
234
5190
216
235
5200
217
236
5210
218
237
5220
219
238
5230
239
400
5240
221
240
222
241
223
242
224
243
225
244
226
245
227
246
228
247
229
248
230
249
231
250
232
251
233
252
234
253
235
254
236
255
237
256
238
257
239
258
259
450
241
260
242
261
243
262
244
263
245
264
246
265
247
266
248
267
249
268
250
269
251
270
252
271
253
272
254
273
255
274
256
275
257
276
258
277
259
278
279
500
261
280
262
281
263
282
264
283
265
284
266
285
267
286
268
287
269
288
270
289
271
290
272
291
273
292
274
293
275
294
276
295
277
296
278
297
279
298
299
550
281
300
282
301
283
302
284
303
285
304
286
305
287
306
288
307
289
308
290
309
291
310
292
311
293
312
294
313
295
314
296
315
297
316
298
317
299
318
319
600
301
320
302
321
303
322
304
323
305
324
306
325
307
326
308
327
309
328
310
329
311
330
312
331
313
332
314
333
315
334
316
335
317
336
318
337
319
338
339
650
321
340
322
341
323
342
324
343
325
344
326
345
327
346
328
347
329
348
330
349
331
350
332
351
333
352
334
353
335
354
336
355
337
356
338
357
339
358
359
700
341
360
342
361
343
362
344
363
345
364
346
365
347
366
348
367
349
368
350
369
351
370
352
371
353
372
354
373
355
374
356
375
357
376
358
377
359
378
379
750
361
380
362
381
363
382
364
383
365
384
366
385
367
386
368
387
369
388
370
389
371
390
372
391
373
392
374
393
375
394
376
395
377
396
378
397
379
398
399
800
381
382
383
384
385
386
387
388
389
390
391
392
393
394
395
396
397
398
399
850
401
450
5250
402
451
5260
403
452
5270
404
453
5280
405
454
5290
406
455
5300
407
456
5310
408
457
5320
409
458
5330
410
459
5340
411
460
5350
412
461
5360
413
462
5370
414
463
5380
415
464
5390
416
465
5400
417
466
5410
418
467
5420
419
468
5430
420
469
5440
421
470
5450
422
471
5460
423
472
5470
424
473
5480
425
474
5490
426
475
5500
427
476
5510
428
477
5520
429
478
5530
430
479
5540
431
480
5550
432
481
5560
433
482
5570
434
483
5580
435
484
5590
436
485
5600
437
486
5610
438
487
5620
439
488
5630
440
489
5640
441
490
5650
442
491
5660
443
492
5670
444
493
5680
445
494
5690
446
495
5700
447
496
5710
448
497
5720
449
498
5730
499
5740
451
500
452
501
453
502
454
503
455
504
456
505
457
506
458
507
459
508
460
509
461
510
462
511
463
512
464
513
465
514
466
515
467
516
468
517
469
518
470
519
471
520
472
521
473
522
474
523
475
524
476
525
477
526
478
527
479
528
480
529
481
530
482
531
483
532
484
533
485
534
486
535
487
536
488
537
489
538
490
539
491
540
492
541
493
542
494
543
495
544
496
545
497
546
498
547
499
548
549
501
550
502
551
503
552
504
553
505
554
506
555
507
556
508
557
509
558
510
559
511
560
512
561
513
562
514
563
515
564
516
565
517
566
518
567
519
568
520
569
521
570
522
571
523
572
524
573
525
574
526
575
527
576
528
577
529
578
530
579
531
580
532
581
533
582
534
583
535
584
536
585
537
586
538
587
539
588
540
589
541
590
542
591
543
592
544
593
545
594
546
595
547
596
548
597
549
598
599
551
600
552
601
553
602
554
603
555
604
556
605
557
606
558
607
559
608
560
609
561
610
562
611
563
612
564
613
565
614
566
615
567
616
568
617
569
618
570
619
571
620
572
621
573
622
574
623
575
624
576
625
577
626
578
627
579
628
580
629
581
630
582
631
583
632
584
633
585
634
586
635
587
636
588
637
589
638
590
639
591
640
592
641
593
642
594
643
595
644
596
645
597
646
598
647
599
648
649
601
650
602
651
603
652
604
653
605
654
606
655
607
656
608
657
609
658
610
659
611
660
612
661
613
662
614
663
615
664
616
665
617
666
618
667
619
668
620
669
621
670
622
671
623
672
624
673
625
674
626
675
627
676
628
677
629
678
630
679
631
680
632
681
633
682
634
683
635
684
636
685
637
686
638
687
639
688
640
689
641
690
642
691
643
692
644
693
645
694
646
695
647
696
648
697
649
698
699
651
700
652
701
653
702
654
703
655
704
656
705
657
706
658
707
659
708
660
709
661
710
662
711
663
712
664
713
665
714
666
715
667
716
668
717
669
718
670
719
671
720
672
721
673
722
674
723
675
724
676
725
677
726
678
727
679
728
680
729
681
730
682
731
683
732
684
733
685
734
686
735
687
736
688
737
689
738
690
739
691
740
692
741
693
742
694
743
695
744
696
745
697
746
698
747
699
748
749
701
750
702
751
703
752
704
753
705
754
706
755
707
756
708
757
709
758
710
759
711
760
712
761
713
762
714
763
715
764
716
765
717
766
718
767
719
768
720
769
721
770
722
771
723
772
724
773
725
774
726
775
727
776
728
777
729
778
730
779
731
780
732
781
733
782
734
783
735
784
736
785
737
786
738
787
739
788
740
789
741
790
742
791
743
792
744
793
745
794
746
795
747
796
748
797
749
798
799
751
800
752
801
753
802
754
803
755
804
756
805
757
806
758
807
759
808
760
809
761
810
762
811
763
812
764
813
765
814
766
815
767
816
768
817
769
818
770
819
771
820
772
821
773
822
774
823
775
824
776
825
777
826
778
827
779
828
780
829
781
830
782
831
783
832
784
833
785
834
786
835
787
836
788
837
789
838
790
839
791
840
792
841
793
842
794
843
795
844
796
845
797
846
798
847
799
848
849
801
850
802
851
803
852
804
853
805
854
806
855
807
856
808
857
809
858
810
859
811
860
812
861
813
862
814
863
815
864
816
865
817
866
818
867
819
868
820
869
821
870
822
871
823
872
824
873
825
874
826
875
827
876
828
877
829
878
830
879
831
880
832
881
833
882
834
883
835
884
836
885
837
886
838
887
839
888
840
889
841
890
842
891
843
892
844
893
845
894
846
895
847
896
848
897
849
898
899
851
900
852
901
853
902
854
903
855
904
856
905
857
906
858
907
859
908
860
909
861
910
862
911
863
912
864
913
865
914
866
915
867
916
868
917
869
918
870
919
871
920
872
921
873
922
874
923
875
924
876
925
877
926
878
927
879
928
880
929
881
930
882
931
883
932
884
933
885
934
886
935
887
936
888
937
889
938
890
939
891
940
892
941
893
942
894
943
895
944
896
945
897
946
898
947
899
948
949
901
950
2909
902
951
903
952
904
953
905
954
906
955
907
956
908
957
909
958
910
959
911
960
912
961
913
962
914
963
915
964
916
965
917
966
918
967
919
968
920
969
921
970
922
971
923
972
924
973
925
974
926
975
927
976
928
977
929
978
930
979
931
980
932
981
933
982
934
983
935
984
936
985
937
986
938
987
939
988
940
989
941
990
942
991
943
992
944
993
945
994
946
995
947
996
948
997
949
998
999
951
1000
2919
952
1001
953
1002
954
1003
955
1004
956
1005
957
1006
958
1007
959
1008
960
1009
961
1010
962
1011
963
1012
964
1013
965
1014
966
1015
967
1016
968
1017
969
1018
970
1019
971
1020
972
1021
973
1022
974
1023
975
1024
976
1025
977
1026
978
1027
979
1028
980
1029
981
1030
982
1031
983
1032
984
1033
985
1034
986
1035
987
1036
988
1037
989
1038
990
1039
991
1040
992
1041
993
1042
994
1043
995
1044
996
1045
997
1046
998
1047
999
1048
1049
1001
1050
2929
1002
1051
1003
1052
1004
1053
1005
1054
1006
1055
1007
1056
1008
1057
1009
1058
1010
1059
1011
1060
1012
1061
1013
1062
1014
1063
1015
1064
1016
1065
1017
1066
1018
1067
1019
1068
1020
1069
1021
1070
1022
1071
1023
1072
1024
1073
1025
1074
1026
1075
1027
1076
1028
1077
1029
1078
1030
1079
1031
1080
1032
1081
1033
1082
1034
1083
1035
1084
1036
1085
1037
1086
1038
1087
1039
1088
1040
1089
1041
1090
1042
1091
1043
1092
1044
1093
1045
1094
1046
1095
1047
1096
1048
1097
1049
1098
1099
1051
1100
2939
1052
1101
1053
1102
1054
1103
1055
1104
1056
1105
1057
1106
1058
1107
1059
1108
1060
1109
1061
1110
1062
1111
1063
1112
1064
1113
1065
1114
1066
1115
1067
1116
1068
1117
1069
1118
1070
1119
1071
1120
1072
1121
1073
1122
1074
1123
1075
1124
1076
1125
1077
1126
1078
1127
1079
1128
1080
1129
1081
1130
1082
1131
1083
1132
1084
1133
1085
1134
1086
1135
1087
1136
1088
1137
1089
1138
1090
1139
1091
1140
1092
1141
1093
1142
1094
1143
1095
1144
1096
1145
1097
1146
1098
1147
1099
1148
1149
1101
1150
2949
1102
1151
1103
1152
1104
1153
1105
1154
1106
1155
1107
1156
1108
1157
1109
1158
1110
1159
1111
1160
1112
1161
1113
1162
1114
1163
1115
1164
1116
1165
1117
1166
1118
1167
1119
1168
1120
1169
1121
1170
1122
1171
1123
1172
1124
1173
1125
1174
1126
1175
1127
1176
1128
1177
1129
1178
1130
1179
1131
1180
1132
1181
1133
1182
1134
1183
1135
1184
1136
1185
1137
1186
1138
1187
1139
1188
1140
1189
1141
1190
1142
1191
1143
1192
1144
1193
1145
1194
1146
1195
1147
1196
1148
1197
1149
1198
1199
1151
1200
2959
1152
1201
1153
1202
1154
1203
1155
1204
1156
1205
1157
1206
1158
1207
1159
1208
1160
1209
1161
1210
1162
1211
1163
1212
1164
1213
1165
1214
1166
1215
1167
1216
1168
1217
1169
1218
1170
1219
1171
1220
1172
1221
1173
1222
1174
1223
1175
1224
1176
1225
1177
1226
1178
1227
1179
1228
1180
1229
1181
1230
1182
1231
1183
1232
1184
1233
1185
1234
1186
1235
1187
1236
1188
1237
1189
1238
1190
1239
1191
1240
1192
1241
1193
1242
1194
1243
1195
1244
1196
1245
1197
1246
1198
1247
1199
1248
1249
1201
1250
2969
1202
1251
1203
1252
1204
1253
1205
1254
1206
1255
1207
1256
1208
1257
1209
1258
1210
1259
1211
1260
1212
1261
1213
1262
1214
1263
1215
1264
1216
1265
1217
1266
1218
1267
1219
1268
1220
1269
1221
1270
1222
1271
1223
1272
1224
1273
1225
1274
1226
1275
1227
1276
1228
1277
1229
1278
1230
1279
1231
1280
1232
1281
1233
1282
1234
1283
1235
1284
1236
1285
1237
1286
1238
1287
1239
1288
1240
1289
1241
1290
1242
1291
1243
1292
1244
1293
1245
1294
1246
1295
1247
1296
1248
1297
1249
1298
1299
1251
1300
2979
1252
1301
1253
1302
1254
1303
1255
1304
1256
1305
1257
1306
1258
1307
1259
1308
1260
1309
1261
1310
1262
1311
1263
1312
1264
1313
1265
1314
1266
1315
1267
1316
1268
1317
1269
1318
1270
1319
1271
1320
1272
1321
1273
1322
1274
1323
1275
1324
1276
1325
1277
1326
1278
1327
1279
1328
1280
1329
1281
1330
1282
1331
1283
1332
1284
1333
1285
1334
1286
1335
1287
1336
1288
1337
1289
1338
1290
1339
1291
1340
1292
1341
1293
1342
1294
1343
1295
1344
1296
1345
1297
1346
1298
1347
1299
1348
1349
1301
1350
2989
1302
1351
1303
1352
1304
1353
1305
1354
1306
1355
1307
1356
1308
1357
1309
1358
1310
1359
1311
1360
1312
1361
1313
1362
1314
1363
1315
1364
1316
1365
1317
1366
1318
1367
1319
1368
1320
1369
1321
1370
1322
1371
1323
1372
1324
1373
1325
1374
1326
1375
1327
1376
1328
1377
1329
1378
1330
1379
1331
1380
1332
1381
1333
1382
1334
1383
1335
1384
1336
1385
1337
1386
1338
1387
1339
1388
1340
1389
1341
1390
1342
1391
1343
1392
1344
1393
1345
1394
1346
1395
1347
1396
1348
1397
1349
1398
1399
1351
1400
2999
1352
1401
1353
1402
1354
1403
1355
1404
1356
1405
1357
1406
1358
1407
1359
1408
1360
1409
1361
1410
1362
1411
1363
1412
1364
1413
1365
1414
1366
1415
1367
1416
1368
1417
1369
1418
1370
1419
1371
1420
1372
1421
1373
1422
1374
1423
1375
1424
1376
1425
1377
1426
1378
1427
1379
1428
1380
1429
1381
1430
1382
1431
1383
1432
1384
1433
1385
1434
1386
1435
1387
1436
1388
1437
1389
1438
1390
1439
1391
1440
1392
1441
1393
1442
1394
1443
1395
1444
1396
1445
1397
1446
1398
1447
1399
1448
1449
1401
1450
3009
1402
1451
1403
1452
1404
1453
1405
1454
1406
1455
1407
1456
1408
1457
1409
1458
1410
1459
1411
1460
1412
1461
1413
1462
1414
1463
1415
1464
1416
1465
1417
1466
1418
1467
1419
1468
1420
1469
1421
1470
1422
1471
1423
1472
1424
1473
1425
1474
1426
1475
1427
1476
1428
1477
1429
1478
1430
1479
1431
1480
1432
1481
1433
1482
1434
1483
1435
1484
1436
1485
1437
1486
1438
1487
1439
1488
1440
1489
1441
1490
1442
1491
1443
1492
1444
1493
1445
1494
1446
1495
1447
1496
1448
1497
1449
1498
1499
1451
1500
3019
1452
1501
1453
1502
1454
1503
1455
1504
1456
1505
1457
1506
1458
1507
1459
1508
1460
1509
1461
1510
1462
1511
1463
1512
1464
1513
1465
1514
1466
1515
1467
1516
1468
1517
1469
1518
1470
1519
1471
1520
1472
1521
1473
1522
1474
1523
1475
1524
1476
1525
1477
1526
1478
1527
1479
1528
1480
1529
1481
1530
1482
1531
1483
1532
1484
1533
1485
1534
1486
1535
1487
1536
1488
1537
1489
1538
1490
1539
1491
1540
1492
1541
1493
1542
1494
1543
1495
1544
1496
1545
1497
1546
1498
1547
1499
1548
1549
1501
1550
3029
1502
1551
1503
1552
1504
1553
1505
1554
1506
1555
1507
1556
1508
1557
1509
1558
1510
1559
1511
1560
1512
1561
1513
1562
1514
1563
1515
1564
1516
1565
1517
1566
1518
1567
1519
1568
1520
1569
1521
1570
1522
1571
1523
1572
1524
1573
1525
1574
1526
1575
1527
1576
1528
1577
1529
1578
1530
1579
1531
1580
1532
1581
1533
1582
1534
1583
1535
1584
1536
1585
1537
1586
1538
1587
1539
1588
1540
1589
1541
1590
1542
1591
1543
1592
1544
1593
1545
1594
1546
1595
1547
1596
1548
1597
1549
1598
1599
1551
1600
3039
1552
1601
1553
1602
1554
1603
1555
1604
1556
1605
1557
1606
1558
1607
1559
1608
1560
1609
1561
1610
1562
1611
1563
1612
1564
1613
1565
1614
1566
1615
1567
1616
1568
1617
1569
1618
1570
1619
1571
1620
1572
1621
1573
1622
1574
1623
1575
1624
1576
1625
1577
1626
1578
1627
1579
1628
1580
1629
1581
1630
1582
1631
1583
1632
1584
1633
1585
1634
1586
1635
1587
1636
1588
1637
1589
1638
1590
1639
1591
1640
1592
1641
1593
1642
1594
1643
1595
1644
1596
1645
1597
1646
1598
1647
1599
1648
1649
1601
1650
3049
1602
1651
1603
1652
1604
1653
1605
1654
1606
1655
1607
1656
1608
1657
1609
1658
1610
1659
1611
1660
1612
1661
1613
1662
1614
1663
1615
1664
1616
1665
1617
1666
1618
1667
1619
1668
1620
1669
1621
1670
1622
1671
1623
1672
1624
1673
1625
1674
1626
1675
1627
1676
1628
1677
1629
1678
1630
1679
1631
1680
1632
1681
1633
1682
1634
1683
1635
1684
1636
1685
1637
1686
1638
1687
1639
1688
1640
1689
1641
1690
1642
1691
1643
1692
1644
1693
1645
1694
1646
1695
1647
1696
1648
1697
1649
1698
1699
1651
1700
3059
1652
1701
1653
1702
1654
1703
1655
1704
1656
1705
1657
1706
1658
1707
1659
1708
1660
1709
1661
1710
1662
1711
1663
1712
1664
1713
1665
1714
1666
1715
1667
1716
1668
1717
1669
1718
1670
1719
1671
1720
1672
1721
1673
1722
1674
1723
1675
1724
1676
1725
1677
1726
1678
1727
1679
1728
1680
1729
1681
1730
1682
1731
1683
1732
1684
1733
1685
1734
1686
1735
1687
1736
1688
1737
1689
1738
1690
1739
1691
1740
1692
1741
1693
1742
1694
1743
1695
1744
1696
1745
1697
1746
1698
1747
1699
1748
1749
1701
1750
3069
1702
1751
1703
1752
1704
1753
1705
1754
1706
1755
1707
1756
1708
1757
1709
1758
1710
1759
1711
1760
1712
1761
1713
1762
1714
1763
1715
1764
1716
1765
1717
1766
1718
1767
1719
1768
1720
1769
1721
1770
1722
1771
1723
1772
1724
1773
1725
1774
1726
1775
1727
1776
1728
1777
1729
1778
1730
1779
1731
1780
1732
1781
1733
1782
1734
1783
1735
1784
1736
1785
1737
1786
1738
1787
1739
1788
1740
1789
1741
1790
1742
1791
1743
1792
1744
1793
1745
1794
1746
1795
1747
1796
1748
1797
1749
1798
1799
1751
1800
3079
1752
1801
1753
1802
1754
1803
1755
1804
1756
1805
1757
1806
1758
1807
1759
1808
1760
1809
1761
1810
1762
1811
1763
1812
1764
1813
1765
1814
1766
1815
1767
1816
1768
1817
1769
1818
1770
1819
1771
1820
1772
1821
1773
1822
1774
1823
1775
1824
1776
1825
1777
1826
1778
1827
1779
1828
1780
1829
1781
1830
1782
1831
1783
1832
1784
1833
1785
1834
1786
1835
1787
1836
1788
1837
1789
1838
1790
1839
1791
1840
1792
1841
1793
1842
1794
1843
1795
1844
1796
1845
1797
1846
1798
1847
1799
1848
1849
1801
1850
3089
1802
1851
1803
1852
1804
1853
1805
1854
1806
1855
1807
1856
1808
1857
1809
1858
1810
1859
1811
1860
1812
1861
1813
1862
1814
1863
1815
1864
1816
1865
1817
1866
1818
1867
1819
1868
1820
1869
1821
1870
1822
1871
1823
1872
1824
1873
1825
1874
1826
1875
1827
1876
1828
1877
1829
1878
1830
1879
1831
1880
1832
1881
1833
1882
1834
1883
1835
1884
1836
1885
1837
1886
1838
1887
1839
1888
1840
1889
1841
1890
1842
1891
1843
1892
1844
1893
1845
1894
1846
1895
1847
1896
1848
1897
1849
1898
1899
1851
1900
3099
1852
1901
1853
1902
1854
1903
1855
1904
1856
1905
1857
1906
1858
1907
1859
1908
1860
1909
1861
1910
1862
1911
1863
1912
1864
1913
1865
1914
1866
1915
1867
1916
1868
1917
1869
1918
1870
1919
1871
1920
1872
1921
1873
1922
1874
1923
1875
1924
1876
1925
1877
1926
1878
1927
1879
1928
1880
1929
1881
1930
1882
1931
1883
1932
1884
1933
1885
1934
1886
1935
1887
1936
1888
1937
1889
1938
1890
1939
1891
1940
1892
1941
1893
1942
1894
1943
1895
1944
1896
1945
1897
1946
1898
1947
1899
1948
1949
1901
1950
3109
1902
1951
1903
1952
1904
1953
1905
1954
1906
1955
1907
1956
1908
1957
1909
1958
1910
1959
1911
1960
1912
1961
1913
1962
1914
1963
1915
1964
1916
1965
1917
1966
1918
1967
1919
1968
1920
1969
1921
1970
1922
1971
1923
1972
1924
1973
1925
1974
1926
1975
1927
1976
1928
1977
1929
1978
1930
1979
1931
1980
1932
1981
1933
1982
1934
1983
1935
1984
1936
1985
1937
1986
1938
1987
1939
1988
1940
1989
1941
1990
1942
1991
1943
1992
1944
1993
1945
1994
1946
1995
1947
1996
1948
1997
1949
1998
1999
1951
2000
3119
1952
2001
1953
2002
1954
2003
1955
2004
1956
2005
1957
2006
1958
2007
1959
2008
1960
2009
1961
2010
1962
2011
1963
2012
1964
2013
1965
2014
1966
2015
1967
2016
1968
2017
1969
2018
1970
2019
1971
2020
1972
2021
1973
2022
1974
2023
1975
2024
1976
2025
1977
2026
1978
2027
1979
2028
1980
2029
1981
2030
1982
2031
1983
2032
1984
2033
1985
2034
1986
2035
1987
2036
1988
2037
1989
2038
1990
2039
1991
2040
1992
2041
1993
2042
1994
2043
1995
2044
1996
2045
1997
2046
1998
2047
1999
2048
2049
2001
2050
3129
2002
2051
2003
2052
2004
2053
2005
2054
2006
2055
2007
2056
2008
2057
2009
2058
2010
2059
2011
2060
2012
2061
2013
2062
2014
2063
2015
2064
2016
2065
2017
2066
2018
2067
2019
2068
2020
2069
2021
2070
2022
2071
2023
2072
2024
2073
2025
2074
2026
2075
2027
2076
2028
2077
2029
2078
2030
2079
2031
2080
2032
2081
2033
2082
2034
2083
2035
2084
2036
2085
2037
2086
2038
2087
2039
2088
2040
2089
2041
2090
2042
2091
2043
2092
2044
2093
2045
2094
2046
2095
2047
2096
2048
2097
2049
2098
2099
2051
2100
3139
2052
2101
2053
2102
2054
2103
2055
2104
2056
2105
2057
2106
2058
2107
2059
2108
2060
2109
2061
2110
2062
2111
2063
2112
2064
2113
2065
2114
2066
2115
2067
2116
2068
2117
2069
2118
2070
2119
2071
2120
2072
2121
2073
2122
2074
2123
2075
2124
2076
2125
2077
2126
2078
2127
2079
2128
2080
2129
2081
2130
2082
2131
2083
2132
2084
2133
2085
2134
2086
2135
2087
2136
2088
2137
2089
2138
2090
2139
2091
2140
2092
2141
2093
2142
2094
2143
2095
2144
2096
2145
2097
2146
2098
2147
2099
2148
2149
2101
2150
3149
2102
2151
2103
2152
2104
2153
2105
2154
2106
2155
2107
2156
2108
2157
2109
2158
2110
2159
2111
2160
2112
2161
2113
2162
2114
2163
2115
2164
2116
2165
2117
2166
2118
2167
2119
2168
2120
2169
2121
2170
2122
2171
2123
2172
2124
2173
2125
2174
2126
2175
2127
2176
2128
2177
2129
2178
2130
2179
2131
2180
2132
2181
2133
2182
2134
2183
2135
2184
2136
2185
2137
2186
2138
2187
2139
2188
2140
2189
2141
2190
2142
2191
2143
2192
2144
2193
2145
2194
2146
2195
2147
2196
2148
2197
2149
2198
2199
2151
2200
3159
2152
2201
2153
2202
2154
2203
2155
2204
2156
2205
2157
2206
2158
2207
2159
2208
2160
2209
2161
2210
2162
2211
2163
2212
2164
2213
2165
2214
2166
2215
2167
2216
2168
2217
2169
2218
2170
2219
2171
2220
2172
2221
2173
2222
2174
2223
2175
2224
2176
2225
2177
2226
2178
2227
2179
2228
2180
2229
2181
2230
2182
2231
2183
2232
2184
2233
2185
2234
2186
2235
2187
2236
2188
2237
2189
2238
2190
2239
2191
2240
2192
2241
2193
2242
2194
2243
2195
2244
2196
2245
2197
2246
2198
2247
2199
2248
2249
2201
2250
3169
2202
2251
2203
2252
2204
2253
2205
2254
2206
2255
2207
2256
2208
2257
2209
2258
2210
2259
2211
2260
2212
2261
2213
2262
2214
2263
2215
2264
2216
2265
2217
2266
2218
2267
2219
2268
2220
2269
2221
2270
2222
2271
2223
2272
2224
2273
2225
2274
2226
2275
2227
2276
2228
2277
2229
2278
2230
2279
2231
2280
2232
2281
2233
2282
2234
2283
2235
2284
2236
2285
2237
2286
2238
2287
2239
2288
2240
2289
2241
2290
2242
2291
2243
2292
2244
2293
2245
2294
2246
2295
2247
2296
2248
2297
2249
2298
2299
2251
2300
3179
2252
2301
2253
2302
2254
2303
2255
2304
2256
2305
2257
2306
2258
2307
2259
2308
2260
2309
2261
2310
2262
2311
2263
2312
2264
2313
2265
2314
2266
2315
2267
2316
2268
2317
2269
2318
2270
2319
2271
2320
2272
2321
2273
2322
2274
2323
2275
2324
2276
2325
2277
2326
2278
2327
2279
2328
2280
2329
2281
2330
2282
2331
2283
2332
2284
2333
2285
2334
2286
2335
2287
2336
2288
2337
2289
2338
2290
2339
2291
2340
2292
2341
2293
2342
2294
2343
2295
2344
2296
2345
2297
2346
2298
2347
2299
2348
2349
2301
2350
3189
2302
2351
2303
2352
2304
2353
2305
2354
2306
2355
2307
2356
2308
2357
2309
2358
2310
2359
2311
2360
2312
2361
2313
2362
2314
2363
2315
2364
2316
2365
2317
2366
2318
2367
2319
2368
2320
2369
2321
2370
2322
2371
2323
2372
2324
2373
2325
2374
2326
2375
2327
2376
2328
2377
2329
2378
2330
2379
2331
2380
2332
2381
2333
2382
2334
2383
2335
2384
2336
2385
2337
2386
2338
2387
2339
2388
2340
2389
2341
2390
2342
2391
2343
2392
2344
2393
2345
2394
2346
2395
2347
2396
2348
2397
2349
2398
2399
2351
2400
3199
2352
2401
2353
2402
2354
2403
2355
2404
2356
2405
2357
2406
2358
2407
2359
2408
2360
2409
2361
2410
2362
2411
2363
2412
2364
2413
2365
2414
2366
2415
2367
2416
2368
2417
2369
2418
2370
2419
2371
2420
2372
2421
2373
2422
2374
2423
2375
2424
2376
2425
2377
2426
2378
2427
2379
2428
2380
2429
2381
2430
2382
2431
2383
2432
2384
2433
2385
2434
2386
2435
2387
2436
2388
2437
2389
2438
2390
2439
2391
2440
2392
2441
2393
2442
2394
2443
2395
2444
2396
2445
2397
2446
2398
2447
2399
2448
2449
2401
2450
3209
2402
2451
2403
2452
2404
2453
2405
2454
2406
2455
2407
2456
2408
2457
2409
2458
2410
2459
2411
2460
2412
2461
2413
2462
2414
2463
2415
2464
2416
2465
2417
2466
2418
2467
2419
2468
2420
2469
2421
2470
2422
2471
2423
2472
2424
2473
2425
2474
2426
2475
2427
2476
2428
2477
2429
2478
2430
2479
2431
2480
2432
2481
2433
2482
2434
2483
2435
2484
2436
2485
2437
2486
2438
2487
2439
2488
2440
2489
2441
2490
2442
2491
2443
2492
2444
2493
2445
2494
2446
2495
2447
2496
2448
2497
2449
2498
2499
2451
2500
3219
2452
2501
2453
2502
2454
2503
2455
2504
2456
2505
2457
2506
2458
2507
2459
2508
2460
2509
2461
2510
2462
2511
2463
2512
2464
2513
2465
2514
2466
2515
2467
2516
2468
2517
2469
2518
2470
2519
2471
2520
2472
2521
2473
2522
2474
2523
2475
2524
2476
2525
2477
2526
2478
2527
2479
2528
2480
2529
2481
2530
2482
2531
2483
2532
2484
2533
2485
2534
2486
2535
2487
2536
2488
2537
2489
2538
2490
2539
2491
2540
2492
2541
2493
2542
2494
2543
2495
2544
2496
2545
2497
2546
2498
2547
2499
2548
2549
2501
2550
3229
2502
2551
2503
2552
2504
2553
2505
2554
2506
2555
2507
2556
2508
2557
2509
2558
2510
2559
2511
2560
2512
2561
2513
2562
2514
2563
2515
2564
2516
2565
2517
2566
2518
2567
2519
2568
2520
2569
2521
2570
2522
2571
2523
2572
2524
2573
2525
2574
2526
2575
2527
2576
2528
2577
2529
2578
2530
2579
2531
2580
2532
2581
2533
2582
2534
2583
2535
2584
2536
2585
2537
2586
2538
2587
2539
2588
2540
2589
2541
2590
2542
2591
2543
2592
2544
2593
2545
2594
2546
2595
2547
2596
2548
2597
2549
2598
2599
2551
2600
3239
2552
2601
2553
2602
2554
2603
2555
2604
2556
2605
2557
2606
2558
2607
2559
2608
2560
2609
2561
2610
2562
2611
2563
2612
2564
2613
2565
2614
2566
2615
2567
2616
2568
2617
2569
2618
2570
2619
2571
2620
2572
2621
2573
2622
2574
2623
2575
2624
2576
2625
2577
2626
2578
2627
2579
2628
2580
2629
2581
2630
2582
2631
2583
2632
2584
2633
2585
2634
2586
2635
2587
2636
2588
2637
2589
2638
2590
2639
2591
2640
2592
2641
2593
2642
2594
2643
2595
2644
2596
2645
2597
2646
2598
2647
2599
2648
2649
2601
2650
3249
2602
2651
2603
2652
2604
2653
2605
2654
2606
2655
2607
2656
2608
2657
2609
2658
2610
2659
2611
2660
2612
2661
2613
2662
2614
2663
2615
2664
2616
2665
2617
2666
2618
2667
2619
2668
2620
2669
2621
2670
2622
2671
2623
2672
2624
2673
2625
2674
2626
2675
2627
2676
2628
2677
2629
2678
2630
2679
2631
2680
2632
2681
2633
2682
2634
2683
2635
2684
2636
2685
2637
2686
2638
2687
2639
2688
2640
2689
2641
2690
2642
2691
2643
2692
2644
2693
2645
2694
2646
2695
2647
2696
2648
2697
2649
2698
2699
2651
2700
3259
2652
2701
2653
2702
2654
2703
2655
2704
2656
2705
2657
2706
2658
2707
2659
2708
2660
2709
2661
2710
2662
2711
2663
2712
2664
2713
2665
2714
2666
2715
2667
2716
2668
2717
2669
2718
2670
2719
2671
2720
2672
2721
2673
2722
2674
2723
2675
2724
2676
2725
2677
2726
2678
2727
2679
2728
2680
2729
2681
2730
2682
2731
2683
2732
2684
2733
2685
2734
2686
2735
2687
2736
2688
2737
2689
2738
2690
2739
2691
2740
2692
2741
2693
2742
2694
2743
2695
2744
2696
2745
2697
2746
2698
2747
2699
2748
2749
2701
2750
3269
2702
2751
2703
2752
2704
2753
2705
2754
2706
2755
2707
2756
2708
2757
2709
2758
2710
2759
2711
2760
2712
2761
2713
2762
2714
2763
2715
2764
2716
2765
2717
2766
2718
2767
2719
2768
2720
2769
2721
2770
2722
2771
2723
2772
2724
2773
2725
2774
2726
2775
2727
2776
2728
2777
2729
2778
2730
2779
2731
2780
2732
2781
2733
2782
2734
2783
2735
2784
2736
2785
2737
2786
2738
2787
2739
2788
2740
2789
2741
2790
2742
2791
2743
2792
2744
2793
2745
2794
2746
2795
2747
2796
2748
2797
2749
2798
2799
2751
2800
3279
2752
2801
2753
2802
2754
2803
2755
2804
2756
2805
2757
2806
2758
2807
2759
2808
2760
2809
2761
2810
2762
2811
2763
2812
2764
2813
2765
2814
2766
2815
2767
2816
2768
2817
2769
2818
2770
2819
2771
2820
2772
2821
2773
2822
2774
2823
2775
2824
2776
2825
2777
2826
2778
2827
2779
2828
2780
2829
2781
2830
2782
2831
2783
2832
2784
2833
2785
2834
2786
2835
2787
2836
2788
2837
2789
2838
2790
2839
2791
2840
2792
2841
2793
2842
2794
2843
2795
2844
2796
2845
2797
2846
2798
2847
2799
2848
2849
2801
2850
3289
2802
2851
2803
2852
2804
2853
2805
2854
2806
2855
2807
2856
2808
2857
2809
2858
2810
2859
2811
2860
2812
2861
2813
2862
2814
2863
2815
2864
2816
2865
2817
2866
2818
2867
2819
2868
2820
2869
2821
2870
2822
2871
2823
2872
2824
2873
2825
2874
2826
2875
2827
2876
2828
2877
2829
2878
2830
2879
2831
2880
2832
2881
2833
2882
2834
2883
2835
2884
2836
2885
2837
2886
2838
2887
2839
2888
2840
2889
2841
2890
2842
2891
2843
2892
2844
2893
2845
2894
2846
2895
2847
2896
2848
2897
2849
2898
2899
2851
3299
2852
2853
2854
2855
2856
2857
2858
2859
2860
2861
2862
2863
2864
2865
2866
2867
2868
2869
2870
2871
2872
2873
2874
2875
2876
2877
2878
2879
2880
2881
2882
2883
2884
2885
2886
2887
2888
2889
2890
2891
2892
2893
2894
2895
2896
2897
2898
2899
2901
2910
4450
2902
2911
2903
2912
2904
2913
2905
2914
2906
2915
2907
2916
2908
2917
2909
2918
2919
2911
2920
4451
2912
2921
2913
2922
2914
2923
2915
2924
2916
2925
2917
2926
2918
2927
2919
2928
2929
2921
2930
4452
2922
2931
2923
2932
2924
2933
2925
2934
2926
2935
2927
2936
2928
2937
2929
2938
2939
2931
2940
4453
2932
2941
2933
2942
2934
2943
2935
2944
2936
2945
2937
2946
2938
2947
2939
2948
2949
2941
2950
4454
2942
2951
2943
2952
2944
2953
2945
2954
2946
2955
2947
2956
2948
2957
2949
2958
2959
2951
2960
4455
2952
2961
2953
2962
2954
2963
2955
2964
2956
2965
2957
2966
2958
2967
2959
2968
2969
2961
2970
4456
2962
2971
2963
2972
2964
2973
2965
2974
2966
2975
2967
2976
2968
2977
2969
2978
2979
2971
2980
4457
2972
2981
2973
2982
2974
2983
2975
2984
2976
2985
2977
2986
2978
2987
2979
2988
2989
2981
2990
4458
2982
2991
2983
2992
2984
2993
2985
2994
2986
2995
2987
2996
2988
2997
2989
2998
2999
2991
3000
4459
2992
3001
2993
3002
2994
3003
2995
3004
2996
3005
2997
3006
2998
3007
2999
3008
3009
3001
3010
4460
3002
3011
3003
3012
3004
3013
3005
3014
3006
3015
3007
3016
3008
3017
3009
3018
3019
3011
3020
4461
3012
3021
3013
3022
3014
3023
3015
3024
3016
3025
3017
3026
3018
3027
3019
3028
3029
3021
3030
4462
3022
3031
3023
3032
3024
3033
3025
3034
3026
3035
3027
3036
3028
3037
3029
3038
3039
3031
3040
4463
3032
3041
3033
3042
3034
3043
3035
3044
3036
3045
3037
3046
3038
3047
3039
3048
3049
3041
3050
4464
3042
3051
3043
3052
3044
3053
3045
3054
3046
3055
3047
3056
3048
3057
3049
3058
3059
3051
3060
4465
3052
3061
3053
3062
3054
3063
3055
3064
3056
3065
3057
3066
3058
3067
3059
3068
3069
3061
3070
4466
3062
3071
3063
3072
3064
3073
3065
3074
3066
3075
3067
3076
3068
3077
3069
3078
3079
3071
3080
4467
3072
3081
3073
3082
3074
3083
3075
3084
3076
3085
3077
3086
3078
3087
3079
3088
3089
3081
3090
4468
3082
3091
3083
3092
3084
3093
3085
3094
3086
3095
3087
3096
3088
3097
3089
3098
3099
3091
3100
4469
3092
3101
3093
3102
3094
3103
3095
3104
3096
3105
3097
3106
3098
3107
3099
3108
3109
3101
3110
4470
3102
3111
3103
3112
3104
3113
3105
3114
3106
3115
3107
3116
3108
3117
3109
3118
3119
3111
3120
4471
3112
3121
3113
3122
3114
3123
3115
3124
3116
3125
3117
3126
3118
3127
3119
3128
3129
3121
3130
4472
3122
3131
3123
3132
3124
3133
3125
3134
3126
3135
3127
3136
3128
3137
3129
3138
3139
3131
3140
4473
3132
3141
3133
3142
3134
3143
3135
3144
3136
3145
3137
3146
3138
3147
3139
3148
3149
3141
3150
4474
3142
3151
3143
3152
3144
3153
3145
3154
3146
3155
3147
3156
3148
3157
3149
3158
3159
3151
3160
4475
3152
3161
3153
3162
3154
3163
3155
3164
3156
3165
3157
3166
3158
3167
3159
3168
3169
3161
3170
4476
3162
3171
3163
3172
3164
3173
3165
3174
3166
3175
3167
3176
3168
3177
3169
3178
3179
3171
3180
4477
3172
3181
3173
3182
3174
3183
3175
3184
3176
3185
3177
3186
3178
3187
3179
3188
3189
3181
3190
4478
3182
3191
3183
3192
3184
3193
3185
3194
3186
3195
3187
3196
3188
3197
3189
3198
3199
3191
3200
4479
3192
3201
3193
3202
3194
3203
3195
3204
3196
3205
3197
3206
3198
3207
3199
3208
3209
3201
3210
4480
3202
3211
3203
3212
3204
3213
3205
3214
3206
3215
3207
3216
3208
3217
3209
3218
3219
3211
3220
4481
3212
3221
3213
3222
3214
3223
3215
3224
3216
3225
3217
3226
3218
3227
3219
3228
3229
3221
3230
4482
3222
3231
3223
3232
3224
3233
3225
3234
3226
3235
3227
3236
3228
3237
3229
3238
3239
3231
3240
4483
3232
3241
3233
3242
3234
3243
3235
3244
3236
3245
3237
3246
3238
3247
3239
3248
3249
3241
3250
4484
3242
3251
3243
3252
3244
3253
3245
3254
3246
3255
3247
3256
3248
3257
3249
3258
3259
3251
3260
4485
3252
3261
3253
3262
3254
3263
3255
3264
3256
3265
3257
3266
3258
3267
3259
3268
3269
3261
3270
4486
3262
3271
3263
3272
3264
3273
3265
3274
3266
3275
3267
3276
3268
3277
3269
3278
3279
3271
3280
4487
3272
3281
3273
3282
3274
3283
3275
3284
3276
3285
3277
3286
3278
3287
3279
3288
3289
3281
3290
4488
3282
3291
3283
3292
3284
3293
3285
3294
3286
3295
3287
3296
3288
3297
3289
3298
3299
3291
4489
3292
3293
3294
3295
3296
3297
3298
3299
3301
3310
3509
3302
3311
3303
3312
3304
3313
3305
3314
3306
3315
3307
3316
3308
3317
3309
3318
3319
3311
3320
3519
3312
3321
3313
3322
3314
3323
3315
3324
3316
3325
3317
3326
3318
3327
3319
3328
3329
3321
3330
3529
3322
3331
3323
3332
3324
3333
3325
3334
3326
3335
3327
3336
3328
3337
3329
3338
3339
3331
3340
3539
3332
3341
3333
3342
3334
3343
3335
3344
3336
3345
3337
3346
3338
3347
3339
3348
3349
3341
3350
3549
3342
3351
3343
3352
3344
3353
3345
3354
3346
3355
3347
3356
3348
3357
3349
3358
3359
3351
3360
3559
3352
3361
3353
3362
3354
3363
3355
3364
3356
3365
3357
3366
3358
3367
3359
3368
3369
3361
3370
3569
3362
3371
3363
3372
3364
3373
3365
3374
3366
3375
3367
3376
3368
3377
3369
3378
3379
3371
3380
3579
3372
3381
3373
3382
3374
3383
3375
3384
3376
3385
3377
3386
3378
3387
3379
3388
3389
3381
3390
3589
3382
3391
3383
3392
3384
3393
3385
3394
3386
3395
3387
3396
3388
3397
3389
3398
3399
3391
3400
3599
3392
3401
3393
3402
3394
3403
3395
3404
3396
3405
3397
3406
3398
3407
3399
3408
3409
3401
3410
3609
3402
3411
3403
3412
3404
3413
3405
3414
3406
3415
3407
3416
3408
3417
3409
3418
3419
3411
3420
3619
3412
3421
3413
3422
3414
3423
3415
3424
3416
3425
3417
3426
3418
3427
3419
3428
3429
3421
3430
3629
3422
3431
3423
3432
3424
3433
3425
3434
3426
3435
3427
3436
3428
3437
3429
3438
3439
3431
3440
3639
3432
3441
3433
3442
3434
3443
3435
3444
3436
3445
3437
3446
3438
3447
3439
3448
3449
3441
3450
3649
3442
3451
3443
3452
3444
3453
3445
3454
3446
3455
3447
3456
3448
3457
3449
3458
3459
3451
3460
3659
3452
3461
3453
3462
3454
3463
3455
3464
3456
3465
3457
3466
3458
3467
3459
3468
3469
3461
3470
3669
3462
3471
3463
3472
3464
3473
3465
3474
3466
3475
3467
3476
3468
3477
3469
3478
3479
3471
3480
3679
3472
3481
3473
3482
3474
3483
3475
3484
3476
3485
3477
3486
3478
3487
3479
3488
3489
3481
3490
3689
3482
3491
3483
3492
3484
3493
3485
3494
3486
3495
3487
3496
3488
3497
3489
3498
3499
3491
3699
4810
3492
4770
3493
4730
3494
4690
3495
4650
3496
4610
3497
4570
3498
4530
3499
4490
4450
3501
3510
8350
3502
3511
3503
3512
3504
3513
3505
3514
3506
3515
3507
3516
3508
3517
3509
3518
3519
3511
3520
8351
3512
3521
3513
3522
3514
3523
3515
3524
3516
3525
3517
3526
3518
3527
3519
3528
3529
3521
3530
8352
3522
3531
3523
3532
3524
3533
3525
3534
3526
3535
3527
3536
3528
3537
3529
3538
3539
3531
3540
8353
3532
3541
3533
3542
3534
3543
3535
3544
3536
3545
3537
3546
3538
3547
3539
3548
3549
3541
3550
8354
3542
3551
3543
3552
3544
3553
3545
3554
3546
3555
3547
3556
3548
3557
3549
3558
3559
3551
3560
8355
3552
3561
3553
3562
3554
3563
3555
3564
3556
3565
3557
3566
3558
3567
3559
3568
3569
3561
3570
8356
3562
3571
3563
3572
3564
3573
3565
3574
3566
3575
3567
3576
3568
3577
3569
3578
3579
3571
3580
8357
3572
3581
3573
3582
3574
3583
3575
3584
3576
3585
3577
3586
3578
3587
3579
3588
3589
3581
3590
8358
3582
3591
3583
3592
3584
3593
3585
3594
3586
3595
3587
3596
3588
3597
3589
3598
3599
3591
3600
8359
3592
3601
3593
3602
3594
3603
3595
3604
3596
3605
3597
3606
3598
3607
3599
3608
3609
3601
3610
8360
3602
3611
3603
3612
3604
3613
3605
3614
3606
3615
3607
3616
3608
3617
3609
3618
3619
3611
3620
8361
3612
3621
3613
3622
3614
3623
3615
3624
3616
3625
3617
3626
3618
3627
3619
3628
3629
3621
3630
8362
3622
3631
3623
3632
3624
3633
3625
3634
3626
3635
3627
3636
3628
3637
3629
3638
3639
3631
3640
8363
3632
3641
3633
3642
3634
3643
3635
3644
3636
3645
3637
3646
3638
3647
3639
3648
3649
3641
3650
8364
3642
3651
3643
3652
3644
3653
3645
3654
3646
3655
3647
3656
3648
3657
3649
3658
3659
3651
3660
8365
3652
3661
3653
3662
3654
3663
3655
3664
3656
3665
3657
3666
3658
3667
3659
3668
3669
3661
3670
8366
3662
3671
3663
3672
3664
3673
3665
3674
3666
3675
3667
3676
3668
3677
3669
3678
3679
3671
3680
8367
3672
3681
3673
3682
3674
3683
3675
3684
3676
3685
3677
3686
3678
3687
3679
3688
3689
3681
3690
8368
3682
3691
3683
3692
3684
3693
3685
3694
3686
3695
3687
3696
3688
3697
3689
3698
3699
3691
3700
8369
3692
3701
3693
3702
3694
3703
3695
3704
3696
3705
3697
3706
3698
3707
3699
3708
3709
3701
3710
8550
3702
3711
3703
3712
3704
3713
3705
3714
3706
3715
3707
3716
3708
3717
3709
3718
3719
3850
3711
3720
8551
3712
3721
3713
3722
3714
3723
3715
3724
3716
3725
3717
3726
3718
3727
3719
3728
3729
3890
3721
3730
8552
3722
3731
3723
3732
3724
3733
3725
3734
3726
3735
3727
3736
3728
3737
3729
3738
3739
3930
3731
3740
8553
3732
3741
3733
3742
3734
3743
3735
3744
3736
3745
3737
3746
3738
3747
3739
3748
3749
3970
3741
3750
8554
3742
3751
3743
3752
3744
3753
3745
3754
3746
3755
3747
3756
3748
3757
3749
3758
3759
4010
3751
3760
8555
3752
3761
3753
3762
3754
3763
3755
3764
3756
3765
3757
3766
3758
3767
3759
3768
3769
4050
3761
3770
8556
3762
3771
3763
3772
3764
3773
3765
3774
3766
3775
3767
3776
3768
3777
3769
3778
3779
4090
3771
3780
8557
3772
3781
3773
3782
3774
3783
3775
3784
3776
3785
3777
3786
3778
3787
3779
3788
3789
4130
3781
3790
8558
3782
3791
3783
3792
3784
3793
3785
3794
3786
3795
3787
3796
3788
3797
3789
3798
3799
4170
3791
3800
8559
3792
3801
3793
3802
3794
3803
3795
3804
3796
3805
3797
3806
3798
3807
3799
3808
3809
4210
3801
3810
8560
3802
3811
3803
3812
3804
3813
3805
3814
3806
3815
3807
3816
3808
3817
3809
3818
3819
4250
3811
3820
8561
3812
3821
3813
3822
3814
3823
3815
3824
3816
3825
3817
3826
3818
3827
3819
3828
3829
4290
3821
3830
8562
3822
3831
3823
3832
3824
3833
3825
3834
3826
3835
3827
3836
3828
3837
3829
3838
3839
4330
3831
3840
8563
3832
3841
3833
3842
3834
3843
3835
3844
3836
3845
3837
3846
3838
3847
3839
3848
3849
4370
3841
8564
3842
3843
3844
3845
3846
3847
3848
3849
4410
3851
3890
4810
3852
3891
4811
3853
3892
4812
3854
3893
4813
3855
3894
4814
3856
3895
4815
3857
3896
4816
3858
3897
4817
3859
3898
4818
3860
3899
4819
3861
3900
4820
3862
3901
4821
3863
3902
4822
3864
3903
4823
3865
3904
4824
3866
3905
4825
3867
3906
4826
3868
3907
4827
3869
3908
4828
3870
3909
4829
3871
3910
4830
3872
3911
4831
3873
3912
4832
3874
3913
4833
3875
3914
4834
3876
3915
4835
3877
3916
4836
3878
3917
4837
3879
3918
4838
3880
3919
4839
3881
3920
4840
3882
3921
4841
3883
3922
4842
3884
3923
4843
3885
3924
4844
3886
3925
4845
3887
3926
4846
3888
3927
4847
3889
3928
4848
3929
4849
3891
3930
3892
3931
3893
3932
3894
3933
3895
3934
3896
3935
3897
3936
3898
3937
3899
3938
3900
3939
3901
3940
3902
3941
3903
3942
3904
3943
3905
3944
3906
3945
3907
3946
3908
3947
3909
3948
3910
3949
3911
3950
3912
3951
3913
3952
3914
3953
3915
3954
3916
3955
3917
3956
3918
3957
3919
3958
3920
3959
3921
3960
3922
3961
3923
3962
3924
3963
3925
3964
3926
3965
3927
3966
3928
3967
3929
3968
3969
3931
3970
3932
3971
3933
3972
3934
3973
3935
3974
3936
3975
3937
3976
3938
3977
3939
3978
3940
3979
3941
3980
3942
3981
3943
3982
3944
3983
3945
3984
3946
3985
3947
3986
3948
3987
3949
3988
3950
3989
3951
3990
3952
3991
3953
3992
3954
3993
3955
3994
3956
3995
3957
3996
3958
3997
3959
3998
3960
3999
3961
4000
3962
4001
3963
4002
3964
4003
3965
4004
3966
4005
3967
4006
3968
4007
3969
4008
4009
3971
4010
3972
4011
3973
4012
3974
4013
3975
4014
3976
4015
3977
4016
3978
4017
3979
4018
3980
4019
3981
4020
3982
4021
3983
4022
3984
4023
3985
4024
3986
4025
3987
4026
3988
4027
3989
4028
3990
4029
3991
4030
3992
4031
3993
4032
3994
4033
3995
4034
3996
4035
3997
4036
3998
4037
3999
4038
4000
4039
4001
4040
4002
4041
4003
4042
4004
4043
4005
4044
4006
4045
4007
4046
4008
4047
4009
4048
4049
4011
4050
4012
4051
4013
4052
4014
4053
4015
4054
4016
4055
4017
4056
4018
4057
4019
4058
4020
4059
4021
4060
4022
4061
4023
4062
4024
4063
4025
4064
4026
4065
4027
4066
4028
4067
4029
4068
4030
4069
4031
4070
4032
4071
4033
4072
4034
4073
4035
4074
4036
4075
4037
4076
4038
4077
4039
4078
4040
4079
4041
4080
4042
4081
4043
4082
4044
4083
4045
4084
4046
4085
4047
4086
4048
4087
4049
4088
4089
4051
4090
4052
4091
4053
4092
4054
4093
4055
4094
4056
4095
4057
4096
4058
4097
4059
4098
4060
4099
4061
4100
4062
4101
4063
4102
4064
4103
4065
4104
4066
4105
4067
4106
4068
4107
4069
4108
4070
4109
4071
4110
4072
4111
4073
4112
4074
4113
4075
4114
4076
4115
4077
4116
4078
4117
4079
4118
4080
4119
4081
4120
4082
4121
4083
4122
4084
4123
4085
4124
4086
4125
4087
4126
4088
4127
4089
4128
4129
4091
4130
4092
4131
4093
4132
4094
4133
4095
4134
4096
4135
4097
4136
4098
4137
4099
4138
4100
4139
4101
4140
4102
4141
4103
4142
4104
4143
4105
4144
4106
4145
4107
4146
4108
4147
4109
4148
4110
4149
4111
4150
4112
4151
4113
4152
4114
4153
4115
4154
4116
4155
4117
4156
4118
4157
4119
4158
4120
4159
4121
4160
4122
4161
4123
4162
4124
4163
4125
4164
4126
4165
4127
4166
4128
4167
4129
4168
4169
4131
4170
4132
4171
4133
4172
4134
4173
4135
4174
4136
4175
4137
4176
4138
4177
4139
4178
4140
4179
4141
4180
4142
4181
4143
4182
4144
4183
4145
4184
4146
4185
4147
4186
4148
4187
4149
4188
4150
4189
4151
4190
4152
4191
4153
4192
4154
4193
4155
4194
4156
4195
4157
4196
4158
4197
4159
4198
4160
4199
4161
4200
4162
4201
4163
4202
4164
4203
4165
4204
4166
4205
4167
4206
4168
4207
4169
4208
4209
4171
4210
4172
4211
4173
4212
4174
4213
4175
4214
4176
4215
4177
4216
4178
4217
4179
4218
4180
4219
4181
4220
4182
4221
4183
4222
4184
4223
4185
4224
4186
4225
4187
4226
4188
4227
4189
4228
4190
4229
4191
4230
4192
4231
4193
4232
4194
4233
4195
4234
4196
4235
4197
4236
4198
4237
4199
4238
4200
4239
4201
4240
4202
4241
4203
4242
4204
4243
4205
4244
4206
4245
4207
4246
4208
4247
4209
4248
4249
4211
4250
4212
4251
4213
4252
4214
4253
4215
4254
4216
4255
4217
4256
4218
4257
4219
4258
4220
4259
4221
4260
4222
4261
4223
4262
4224
4263
4225
4264
4226
4265
4227
4266
4228
4267
4229
4268
4230
4269
4231
4270
4232
4271
4233
4272
4234
4273
4235
4274
4236
4275
4237
4276
4238
4277
4239
4278
4240
4279
4241
4280
4242
4281
4243
4282
4244
4283
4245
4284
4246
4285
4247
4286
4248
4287
4249
4288
4289
4251
4290
4252
4291
4253
4292
4254
4293
4255
4294
4256
4295
4257
4296
4258
4297
4259
4298
4260
4299
4261
4300
4262
4301
4263
4302
4264
4303
4265
4304
4266
4305
4267
4306
4268
4307
4269
4308
4270
4309
4271
4310
4272
4311
4273
4312
4274
4313
4275
4314
4276
4315
4277
4316
4278
4317
4279
4318
4280
4319
4281
4320
4282
4321
4283
4322
4284
4323
4285
4324
4286
4325
4287
4326
4288
4327
4289
4328
4329
4291
4330
4292
4331
4293
4332
4294
4333
4295
4334
4296
4335
4297
4336
4298
4337
4299
4338
4300
4339
4301
4340
4302
4341
4303
4342
4304
4343
4305
4344
4306
4345
4307
4346
4308
4347
4309
4348
4310
4349
4311
4350
4312
4351
4313
4352
4314
4353
4315
4354
4316
4355
4317
4356
4318
4357
4319
4358
4320
4359
4321
4360
4322
4361
4323
4362
4324
4363
4325
4364
4326
4365
4327
4366
4328
4367
4329
4368
4369
4331
4370
4332
4371
4333
4372
4334
4373
4335
4374
4336
4375
4337
4376
4338
4377
4339
4378
4340
4379
4341
4380
4342
4381
4343
4382
4344
4383
4345
4384
4346
4385
4347
4386
4348
4387
4349
4388
4350
4389
4351
4390
4352
4391
4353
4392
4354
4393
4355
4394
4356
4395
4357
4396
4358
4397
4359
4398
4360
4399
4361
4400
4362
4401
4363
4402
4364
4403
4365
4404
4366
4405
4367
4406
4368
4407
4369
4408
4409
4371
4410
4372
4411
4373
4412
4374
4413
4375
4414
4376
4415
4377
4416
4378
4417
4379
4418
4380
4419
4381
4420
4382
4421
4383
4422
4384
4423
4385
4424
4386
4425
4387
4426
4388
4427
4389
4428
4390
4429
4391
4430
4392
4431
4393
4432
4394
4433
4395
4434
4396
4435
4397
4436
4398
4437
4399
4438
4400
4439
4401
4440
4402
4441
4403
4442
4404
4443
4405
4444
4406
4445
4407
4446
4408
4447
4409
4448
4449
4411
4412
4413
4414
4415
4416
4417
4418
4419
4420
4421
4422
4423
4424
4425
4426
4427
4428
4429
4430
4431
4432
4433
4434
4435
4436
4437
4438
4439
4440
4441
4442
4443
4444
4445
4446
4447
4448
4449
4451
4490
4452
4491
4453
4492
4454
4493
4455
4494
4456
4495
4457
4496
4458
4497
4459
4498
4460
4499
4461
4500
4462
4501
4463
4502
4464
4503
4465
4504
4466
4505
4467
4506
4468
4507
4469
4508
4470
4509
4471
4510
4472
4511
4473
4512
4474
4513
4475
4514
4476
4515
4477
4516
4478
4517
4479
4518
4480
4519
4481
4520
4482
4521
4483
4522
4484
4523
4485
4524
4486
4525
4487
4526
4488
4527
4489
4528
4529
4491
4530
4492
4531
4493
4532
4494
4533
4495
4534
4496
4535
4497
4536
4498
4537
4499
4538
4500
4539
4501
4540
4502
4541
4503
4542
4504
4543
4505
4544
4506
4545
4507
4546
4508
4547
4509
4548
4510
4549
4511
4550
4512
4551
4513
4552
4514
4553
4515
4554
4516
4555
4517
4556
4518
4557
4519
4558
4520
4559
4521
4560
4522
4561
4523
4562
4524
4563
4525
4564
4526
4565
4527
4566
4528
4567
4529
4568
4569
4531
4570
4532
4571
4533
4572
4534
4573
4535
4574
4536
4575
4537
4576
4538
4577
4539
4578
4540
4579
4541
4580
4542
4581
4543
4582
4544
4583
4545
4584
4546
4585
4547
4586
4548
4587
4549
4588
4550
4589
4551
4590
4552
4591
4553
4592
4554
4593
4555
4594
4556
4595
4557
4596
4558
4597
4559
4598
4560
4599
4561
4600
4562
4601
4563
4602
4564
4603
4565
4604
4566
4605
4567
4606
4568
4607
4569
4608
4609
4571
4610
4572
4611
4573
4612
4574
4613
4575
4614
4576
4615
4577
4616
4578
4617
4579
4618
4580
4619
4581
4620
4582
4621
4583
4622
4584
4623
4585
4624
4586
4625
4587
4626
4588
4627
4589
4628
4590
4629
4591
4630
4592
4631
4593
4632
4594
4633
4595
4634
4596
4635
4597
4636
4598
4637
4599
4638
4600
4639
4601
4640
4602
4641
4603
4642
4604
4643
4605
4644
4606
4645
4607
4646
4608
4647
4609
4648
4649
4611
4650
4612
4651
4613
4652
4614
4653
4615
4654
4616
4655
4617
4656
4618
4657
4619
4658
4620
4659
4621
4660
4622
4661
4623
4662
4624
4663
4625
4664
4626
4665
4627
4666
4628
4667
4629
4668
4630
4669
4631
4670
4632
4671
4633
4672
4634
4673
4635
4674
4636
4675
4637
4676
4638
4677
4639
4678
4640
4679
4641
4680
4642
4681
4643
4682
4644
4683
4645
4684
4646
4685
4647
4686
4648
4687
4649
4688
4689
4651
4690
4652
4691
4653
4692
4654
4693
4655
4694
4656
4695
4657
4696
4658
4697
4659
4698
4660
4699
4661
4700
4662
4701
4663
4702
4664
4703
4665
4704
4666
4705
4667
4706
4668
4707
4669
4708
4670
4709
4671
4710
4672
4711
4673
4712
4674
4713
4675
4714
4676
4715
4677
4716
4678
4717
4679
4718
4680
4719
4681
4720
4682
4721
4683
4722
4684
4723
4685
4724
4686
4725
4687
4726
4688
4727
4689
4728
4729
4691
4730
4692
4731
4693
4732
4694
4733
4695
4734
4696
4735
4697
4736
4698
4737
4699
4738
4700
4739
4701
4740
4702
4741
4703
4742
4704
4743
4705
4744
4706
4745
4707
4746
4708
4747
4709
4748
4710
4749
4711
4750
4712
4751
4713
4752
4714
4753
4715
4754
4716
4755
4717
4756
4718
4757
4719
4758
4720
4759
4721
4760
4722
4761
4723
4762
4724
4763
4725
4764
4726
4765
4727
4766
4728
4767
4729
4768
4769
4731
4770
4732
4771
4733
4772
4734
4773
4735
4774
4736
4775
4737
4776
4738
4777
4739
4778
4740
4779
4741
4780
4742
4781
4743
4782
4744
4783
4745
4784
4746
4785
4747
4786
4748
4787
4749
4788
4750
4789
4751
4790
4752
4791
4753
4792
4754
4793
4755
4794
4756
4795
4757
4796
4758
4797
4759
4798
4760
4799
4761
4800
4762
4801
4763
4802
4764
4803
4765
4804
4766
4805
4767
4806
4768
4807
4769
4808
4809
4771
4810
4772
4811
4773
4812
4774
4813
4775
4814
4776
4815
4777
4816
4778
4817
4779
4818
4780
4819
4781
4820
4782
4821
4783
4822
4784
4823
4785
4824
4786
4825
4787
4826
4788
4827
4789
4828
4790
4829
4791
4830
4792
4831
4793
4832
4794
4833
4795
4834
4796
4835
4797
4836
4798
4837
4799
4838
4800
4839
4801
4840
4802
4841
4803
4842
4804
4843
4805
4844
4806
4845
4807
4846
4808
4847
4809
4848
4849
4811
4812
4813
4814
4815
4816
4817
4818
4819
4820
4821
4822
4823
4824
4825
4826
4827
4828
4829
4830
4831
4832
4833
4834
4835
4836
4837
4838
4839
4840
4841
4842
4843
4844
4845
4846
4847
4848
4849
4851
4860
5059
4852
4861
4853
4862
4854
4863
4855
4864
4856
4865
4857
4866
4858
4867
4859
4868
4869
8330
4861
4870
5069
4862
4871
4863
4872
4864
4873
4865
4874
4866
4875
4867
4876
4868
4877
4869
4878
4879
8331
4871
4880
5079
4872
4881
4873
4882
4874
4883
4875
4884
4876
4885
4877
4886
4878
4887
4879
4888
4889
8332
4881
4890
5089
4882
4891
4883
4892
4884
4893
4885
4894
4886
4895
4887
4896
4888
4897
4889
4898
4899
8333
4891
4900
5099
4892
4901
4893
4902
4894
4903
4895
4904
4896
4905
4897
4906
4898
4907
4899
4908
4909
8334
4901
4910
5109
4902
4911
4903
4912
4904
4913
4905
4914
4906
4915
4907
4916
4908
4917
4909
4918
4919
8335
4911
4920
5119
4912
4921
4913
4922
4914
4923
4915
4924
4916
4925
4917
4926
4918
4927
4919
4928
4929
8336
4921
4930
5129
4922
4931
4923
4932
4924
4933
4925
4934
4926
4935
4927
4936
4928
4937
4929
4938
4939
8337
4931
4940
5139
4932
4941
4933
4942
4934
4943
4935
4944
4936
4945
4937
4946
4938
4947
4939
4948
4949
8338
4941
4950
5149
4942
4951
4943
4952
4944
4953
4945
4954
4946
4955
4947
4956
4948
4957
4949
4958
4959
8339
4951
4960
5159
4952
4961
4953
4962
4954
4963
4955
4964
4956
4965
4957
4966
4958
4967
4959
4968
4969
8340
4961
4970
5169
4962
4971
4963
4972
4964
4973
4965
4974
4966
4975
4967
4976
4968
4977
4969
4978
4979
8341
4971
4980
5179
4972
4981
4973
4982
4974
4983
4975
4984
4976
4985
4977
4986
4978
4987
4979
4988
4989
8342
4981
4990
5189
4982
4991
4983
4992
4984
4993
4985
4994
4986
4995
4987
4996
4988
4997
4989
4998
4999
8343
4991
5000
5199
4992
5001
4993
5002
4994
5003
4995
5004
4996
5005
4997
5006
4998
5007
4999
5008
5009
8344
5001
5010
5209
5002
5011
5003
5012
5004
5013
5005
5014
5006
5015
5007
5016
5008
5017
5009
5018
5019
8345
5011
5020
5219
5012
5021
5013
5022
5014
5023
5015
5024
5016
5025
5017
5026
5018
5027
5019
5028
5029
8346
5021
5030
5229
5022
5031
5023
5032
5024
5033
5025
5034
5026
5035
5027
5036
5028
5037
5029
5038
5039
8347
5031
5040
5239
5032
5041
5033
5042
5034
5043
5035
5044
5036
5045
5037
5046
5038
5047
5039
5048
5049
8348
5041
5249
8110
5042
8070
5043
8030
5044
7990
5045
7950
5046
7910
5047
7870
5048
7830
5049
7790
7750
8349
5051
5060
5052
5061
5053
5062
5054
5063
5055
5064
5056
5065
5057
5066
5058
5067
5059
5068
5069
5061
5070
5062
5071
5063
5072
5064
5073
5065
5074
5066
5075
5067
5076
5068
5077
5069
5078
5079
5071
5080
5072
5081
5073
5082
5074
5083
5075
5084
5076
5085
5077
5086
5078
5087
5079
5088
5089
5081
5090
5082
5091
5083
5092
5084
5093
5085
5094
5086
5095
5087
5096
5088
5097
5089
5098
5099
5091
5100
5092
5101
5093
5102
5094
5103
5095
5104
5096
5105
5097
5106
5098
5107
5099
5108
5109
5101
5110
5102
5111
5103
5112
5104
5113
5105
5114
5106
5115
5107
5116
5108
5117
5109
5118
5119
5111
5120
5112
5121
5113
5122
5114
5123
5115
5124
5116
5125
5117
5126
5118
5127
5119
5128
5129
5121
5130
5122
5131
5123
5132
5124
5133
5125
5134
5126
5135
5127
5136
5128
5137
5129
5138
5139
5131
5140
5132
5141
5133
5142
5134
5143
5135
5144
5136
5145
5137
5146
5138
5147
5139
5148
5149
5141
5150
5142
5151
5143
5152
5144
5153
5145
5154
5146
5155
5147
5156
5148
5157
5149
5158
5159
5151
5160
5152
5161
5153
5162
5154
5163
5155
5164
5156
5165
5157
5166
5158
5167
5159
5168
5169
5161
5170
5162
5171
5163
5172
5164
5173
5165
5174
5166
5175
5167
5176
5168
5177
5169
5178
5179
5171
5180
5172
5181
5173
5182
5174
5183
5175
5184
5176
5185
5177
5186
5178
5187
5179
5188
5189
5181
5190
5182
5191
5183
5192
5184
5193
5185
5194
5186
5195
5187
5196
5188
5197
5189
5198
5199
5191
5200
5192
5201
5193
5202
5194
5203
5195
5204
5196
5205
5197
5206
5198
5207
5199
5208
5209
5201
5210
5202
5211
5203
5212
5204
5213
5205
5214
5206
5215
5207
5216
5208
5217
5209
5218
5219
5211
5220
5212
5221
5213
5222
5214
5223
5215
5224
5216
5225
5217
5226
5218
5227
5219
5228
5229
5221
5230
5222
5231
5223
5232
5224
5233
5225
5234
5226
5235
5227
5236
5228
5237
5229
5238
5239
5231
5240
5232
5241
5233
5242
5234
5243
5235
5244
5236
5245
5237
5246
5238
5247
5239
5248
5249
5241
5250
5242
5251
5243
5252
5244
5253
5245
5254
5246
5255
5247
5256
5248
5257
5249
5258
5259
5251
5260
5252
5261
5253
5262
5254
5263
5255
5264
5256
5265
5257
5266
5258
5267
5259
5268
5269
5750
5261
5270
5262
5271
5263
5272
5264
5273
5265
5274
5266
5275
5267
5276
5268
5277
5269
5278
5279
5790
5271
5280
5272
5281
5273
5282
5274
5283
5275
5284
5276
5285
5277
5286
5278
5287
5279
5288
5289
5830
5281
5290
5282
5291
5283
5292
5284
5293
5285
5294
5286
5295
5287
5296
5288
5297
5289
5298
5299
5870
5291
5300
5292
5301
5293
5302
5294
5303
5295
5304
5296
5305
5297
5306
5298
5307
5299
5308
5309
5910
5301
5310
5302
5311
5303
5312
5304
5313
5305
5314
5306
5315
5307
5316
5308
5317
5309
5318
5319
5950
5311
5320
5312
5321
5313
5322
5314
5323
5315
5324
5316
5325
5317
5326
5318
5327
5319
5328
5329
5990
5321
5330
5322
5331
5323
5332
5324
5333
5325
5334
5326
5335
5327
5336
5328
5337
5329
5338
5339
6030
5331
5340
5332
5341
5333
5342
5334
5343
5335
5344
5336
5345
5337
5346
5338
5347
5339
5348
5349
6070
5341
5350
5342
5351
5343
5352
5344
5353
5345
5354
5346
5355
5347
5356
5348
5357
5349
5358
5359
6110
5351
5360
5352
5361
5353
5362
5354
5363
5355
5364
5356
5365
5357
5366
5358
5367
5359
5368
5369
6150
5361
5370
5362
5371
5363
5372
5364
5373
5365
5374
5366
5375
5367
5376
5368
5377
5369
5378
5379
6190
5371
5380
5372
5381
5373
5382
5374
5383
5375
5384
5376
5385
5377
5386
5378
5387
5379
5388
5389
6230
5381
5390
5382
5391
5383
5392
5384
5393
5385
5394
5386
5395
5387
5396
5388
5397
5389
5398
5399
6270
5391
5400
5392
5401
5393
5402
5394
5403
5395
5404
5396
5405
5397
5406
5398
5407
5399
5408
5409
6310
5401
5410
5402
5411
5403
5412
5404
5413
5405
5414
5406
5415
5407
5416
5408
5417
5409
5418
5419
6350
5411
5420
5412
5421
5413
5422
5414
5423
5415
5424
5416
5425
5417
5426
5418
5427
5419
5428
5429
6390
5421
5430
5422
5431
5423
5432
5424
5433
5425
5434
5426
5435
5427
5436
5428
5437
5429
5438
5439
6430
5431
5440
5432
5441
5433
5442
5434
5443
5435
5444
5436
5445
5437
5446
5438
5447
5439
5448
5449
6470
5441
5450
5442
5451
5443
5452
5444
5453
5445
5454
5446
5455
5447
5456
5448
5457
5449
5458
5459
6510
5451
5460
5452
5461
5453
5462
5454
5463
5455
5464
5456
5465
5457
5466
5458
5467
5459
5468
5469
6550
5461
5470
5462
5471
5463
5472
5464
5473
5465
5474
5466
5475
5467
5476
5468
5477
5469
5478
5479
6590
5471
5480
5472
5481
5473
5482
5474
5483
5475
5484
5476
5485
5477
5486
5478
5487
5479
5488
5489
6630
5481
5490
5482
5491
5483
5492
5484
5493
5485
5494
5486
5495
5487
5496
5488
5497
5489
5498
5499
6670
5491
5500
5492
5501
5493
5502
5494
5503
5495
5504
5496
5505
5497
5506
5498
5507
5499
5508
5509
6710
5501
5510
5502
5511
5503
5512
5504
5513
5505
5514
5506
5515
5507
5516
5508
5517
5509
5518
5519
6750
5511
5520
5512
5521
5513
5522
5514
5523
5515
5524
5516
5525
5517
5526
5518
5527
5519
5528
5529
6790
5521
5530
5522
5531
5523
5532
5524
5533
5525
5534
5526
5535
5527
5536
5528
5537
5529
5538
5539
6830
5531
5540
5532
5541
5533
5542
5534
5543
5535
5544
5536
5545
5537
5546
5538
5547
5539
5548
5549
6870
5541
5550
5542
5551
5543
5552
5544
5553
5545
5554
5546
5555
5547
5556
5548
5557
5549
5558
5559
6910
5551
5560
5552
5561
5553
5562
5554
5563
5555
5564
5556
5565
5557
5566
5558
5567
5559
5568
5569
6950
5561
5570
5562
5571
5563
5572
5564
5573
5565
5574
5566
5575
5567
5576
5568
5577
5569
5578
5579
6990
5571
5580
5572
5581
5573
5582
5574
5583
5575
5584
5576
5585
5577
5586
5578
5587
5579
5588
5589
7030
5581
5590
5582
5591
5583
5592
5584
5593
5585
5594
5586
5595
5587
5596
5588
5597
5589
5598
5599
7070
5591
5600
5592
5601
5593
5602
5594
5603
5595
5604
5596
5605
5597
5606
5598
5607
5599
5608
5609
7110
5601
5610
5602
5611
5603
5612
5604
5613
5605
5614
5606
5615
5607
5616
5608
5617
5609
5618
5619
7150
5611
5620
5612
5621
5613
5622
5614
5623
5615
5624
5616
5625
5617
5626
5618
5627
5619
5628
5629
7190
5621
5630
5622
5631
5623
5632
5624
5633
5625
5634
5626
5635
5627
5636
5628
5637
5629
5638
5639
7230
5631
5640
5632
5641
5633
5642
5634
5643
5635
5644
5636
5645
5637
5646
5638
5647
5639
5648
5649
7270
5641
5650
5642
5651
5643
5652
5644
5653
5645
5654
5646
5655
5647
5656
5648
5657
5649
5658
5659
7310
5651
5660
5652
5661
5653
5662
5654
5663
5655
5664
5656
5665
5657
5666
5658
5667
5659
5668
5669
7350
5661
5670
5662
5671
5663
5672
5664
5673
5665
5674
5666
5675
5667
5676
5668
5677
5669
5678
5679
7390
5671
5680
5672
5681
5673
5682
5674
5683
5675
5684
5676
5685
5677
5686
5678
5687
5679
5688
5689
7430
5681
5690
5682
5691
5683
5692
5684
5693
5685
5694
5686
5695
5687
5696
5688
5697
5689
5698
5699
7470
5691
5700
5692
5701
5693
5702
5694
5703
5695
5704
5696
5705
5697
5706
5698
5707
5699
5708
5709
7510
5701
5710
5702
5711
5703
5712
5704
5713
5705
5714
5706
5715
5707
5716
5708
5717
5709
5718
5719
7550
5711
5720
5712
5721
5713
5722
5714
5723
5715
5724
5716
5725
5717
5726
5718
5727
5719
5728
5729
7590
5721
5730
5722
5731
5723
5732
5724
5733
5725
5734
5726
5735
5727
5736
5728
5737
5729
5738
5739
7630
5731
5740
5732
5741
5733
5742
5734
5743
5735
5744
5736
5745
5737
5746
5738
5747
5739
5748
5749
7670
5741
5742
5743
5744
5745
5746
5747
5748
5749
7710
5751
5790
8110
5752
5791
8111
5753
5792
8112
5754
5793
8113
5755
5794
8114
5756
5795
8115
5757
5796
8116
5758
5797
8117
5759
5798
8118
5760
5799
8119
5761
5800
8120
5762
5801
8121
5763
5802
8122
5764
5803
8123
5765
5804
8124
5766
5805
8125
5767
5806
8126
5768
5807
8127
5769
5808
8128
5770
5809
8129
5771
5810
8130
5772
5811
8131
5773
5812
8132
5774
5813
8133
5775
5814
8134
5776
5815
8135
5777
5816
8136
5778
5817
8137
5779
5818
8138
5780
5819
8139
5781
5820
8140
5782
5821
8141
5783
5822
8142
5784
5823
8143
5785
5824
8144
5786
5825
8145
5787
5826
8146
5788
5827
8147
5789
5828
8148
5829
8149
5791
5830
5792
5831
5793
5832
5794
5833
5795
5834
5796
5835
5797
5836
5798
5837
5799
5838
5800
5839
5801
5840
5802
5841
5803
5842
5804
5843
5805
5844
5806
5845
5807
5846
5808
5847
5809
5848
5810
5849
5811
5850
5812
5851
5813
5852
5814
5853
5815
5854
5816
5855
5817
5856
5818
5857
5819
5858
5820
5859
5821
5860
5822
5861
5823
5862
5824
5863
5825
5864
5826
5865
5827
5866
5828
5867
5829
5868
5869
5831
5870
5832
5871
5833
5872
5834
5873
5835
5874
5836
5875
5837
5876
5838
5877
5839
5878
5840
5879
5841
5880
5842
5881
5843
5882
5844
5883
5845
5884
5846
5885
5847
5886
5848
5887
5849
5888
5850
5889
5851
5890
5852
5891
5853
5892
5854
5893
5855
5894
5856
5895
5857
5896
5858
5897
5859
5898
5860
5899
5861
5900
5862
5901
5863
5902
5864
5903
5865
5904
5866
5905
5867
5906
5868
5907
5869
5908
5909
5871
5910
5872
5911
5873
5912
5874
5913
5875
5914
5876
5915
5877
5916
5878
5917
5879
5918
5880
5919
5881
5920
5882
5921
5883
5922
5884
5923
5885
5924
5886
5925
5887
5926
5888
5927
5889
5928
5890
5929
5891
5930
5892
5931
5893
5932
5894
5933
5895
5934
5896
5935
5897
5936
5898
5937
5899
5938
5900
5939
5901
5940
5902
5941
5903
5942
5904
5943
5905
5944
5906
5945
5907
5946
5908
5947
5909
5948
5949
5911
5950
5912
5951
5913
5952
5914
5953
5915
5954
5916
5955
5917
5956
5918
5957
5919
5958
5920
5959
5921
5960
5922
5961
5923
5962
5924
5963
5925
5964
5926
5965
5927
5966
5928
5967
5929
5968
5930
5969
5931
5970
5932
5971
5933
5972
5934
5973
5935
5974
5936
5975
5937
5976
5938
5977
5939
5978
5940
5979
5941
5980
5942
5981
5943
5982
5944
5983
5945
5984
5946
5985
5947
5986
5948
5987
5949
5988
5989
5951
5990
5952
5991
5953
5992
5954
5993
5955
5994
5956
5995
5957
5996
5958
5997
5959
5998
5960
5999
5961
6000
5962
6001
5963
6002
5964
6003
5965
6004
5966
6005
5967
6006
5968
6007
5969
6008
5970
6009
5971
6010
5972
6011
5973
6012
5974
6013
5975
6014
5976
6015
5977
6016
5978
6017
5979
6018
5980
6019
5981
6020
5982
6021
5983
6022
5984
6023
5985
6024
5986
6025
5987
6026
5988
6027
5989
6028
6029
5991
6030
5992
6031
5993
6032
5994
6033
5995
6034
5996
6035
5997
6036
5998
6037
5999
6038
6000
6039
6001
6040
6002
6041
6003
6042
6004
6043
6005
6044
6006
6045
6007
6046
6008
6047
6009
6048
6010
6049
6011
6050
6012
6051
6013
6052
6014
6053
6015
6054
6016
6055
6017
6056
6018
6057
6019
6058
6020
6059
6021
6060
6022
6061
6023
6062
6024
6063
6025
6064
6026
6065
6027
6066
6028
6067
6029
6068
6069
6031
6070
6032
6071
6033
6072
6034
6073
6035
6074
6036
6075
6037
6076
6038
6077
6039
6078
6040
6079
6041
6080
6042
6081
6043
6082
6044
6083
6045
6084
6046
6085
6047
6086
6048
6087
6049
6088
6050
6089
6051
6090
6052
6091
6053
6092
6054
6093
6055
6094
6056
6095
6057
6096
6058
6097
6059
6098
6060
6099
6061
6100
6062
6101
6063
6102
6064
6103
6065
6104
6066
6105
6067
6106
6068
6107
6069
6108
6109
6071
6110
6072
6111
6073
6112
6074
6113
6075
6114
6076
6115
6077
6116
6078
6117
6079
6118
6080
6119
6081
6120
6082
6121
6083
6122
6084
6123
6085
6124
6086
6125
6087
6126
6088
6127
6089
6128
6090
6129
6091
6130
6092
6131
6093
6132
6094
6133
6095
6134
6096
6135
6097
6136
6098
6137
6099
6138
6100
6139
6101
6140
6102
6141
6103
6142
6104
6143
6105
6144
6106
6145
6107
6146
6108
6147
6109
6148
6149
6111
6150
6112
6151
6113
6152
6114
6153
6115
6154
6116
6155
6117
6156
6118
6157
6119
6158
6120
6159
6121
6160
6122
6161
6123
6162
6124
6163
6125
6164
6126
6165
6127
6166
6128
6167
6129
6168
6130
6169
6131
6170
6132
6171
6133
6172
6134
6173
6135
6174
6136
6175
6137
6176
6138
6177
6139
6178
6140
6179
6141
6180
6142
6181
6143
6182
6144
6183
6145
6184
6146
6185
6147
6186
6148
6187
6149
6188
6189
6151
6190
6152
6191
6153
6192
6154
6193
6155
6194
6156
6195
6157
6196
6158
6197
6159
6198
6160
6199
6161
6200
6162
6201
6163
6202
6164
6203
6165
6204
6166
6205
6167
6206
6168
6207
6169
6208
6170
6209
6171
6210
6172
6211
6173
6212
6174
6213
6175
6214
6176
6215
6177
6216
6178
6217
6179
6218
6180
6219
6181
6220
6182
6221
6183
6222
6184
6223
6185
6224
6186
6225
6187
6226
6188
6227
6189
6228
6229
6191
6230
6192
6231
6193
6232
6194
6233
6195
6234
6196
6235
6197
6236
6198
6237
6199
6238
6200
6239
6201
6240
6202
6241
6203
6242
6204
6243
6205
6244
6206
6245
6207
6246
6208
6247
6209
6248
6210
6249
6211
6250
6212
6251
6213
6252
6214
6253
6215
6254
6216
6255
6217
6256
6218
6257
6219
6258
6220
6259
6221
6260
6222
6261
6223
6262
6224
6263
6225
6264
6226
6265
6227
6266
6228
6267
6229
6268
6269
6231
6270
6232
6271
6233
6272
6234
6273
6235
6274
6236
6275
6237
6276
6238
6277
6239
6278
6240
6279
6241
6280
6242
6281
6243
6282
6244
6283
6245
6284
6246
6285
6247
6286
6248
6287
6249
6288
6250
6289
6251
6290
6252
6291
6253
6292
6254
6293
6255
6294
6256
6295
6257
6296
6258
6297
6259
6298
6260
6299
6261
6300
6262
6301
6263
6302
6264
6303
6265
6304
6266
6305
6267
6306
6268
6307
6269
6308
6309
6271
6310
6272
6311
6273
6312
6274
6313
6275
6314
6276
6315
6277
6316
6278
6317
6279
6318
6280
6319
6281
6320
6282
6321
6283
6322
6284
6323
6285
6324
6286
6325
6287
6326
6288
6327
6289
6328
6290
6329
6291
6330
6292
6331
6293
6332
6294
6333
6295
6334
6296
6335
6297
6336
6298
6337
6299
6338
6300
6339
6301
6340
6302
6341
6303
6342
6304
6343
6305
6344
6306
6345
6307
6346
6308
6347
6309
6348
6349
6311
6350
6312
6351
6313
6352
6314
6353
6315
6354
6316
6355
6317
6356
6318
6357
6319
6358
6320
6359
6321
6360
6322
6361
6323
6362
6324
6363
6325
6364
6326
6365
6327
6366
6328
6367
6329
6368
6330
6369
6331
6370
6332
6371
6333
6372
6334
6373
6335
6374
6336
6375
6337
6376
6338
6377
6339
6378
6340
6379
6341
6380
6342
6381
6343
6382
6344
6383
6345
6384
6346
6385
6347
6386
6348
6387
6349
6388
6389
6351
6390
6352
6391
6353
6392
6354
6393
6355
6394
6356
6395
6357
6396
6358
6397
6359
6398
6360
6399
6361
6400
6362
6401
6363
6402
6364
6403
6365
6404
6366
6405
6367
6406
6368
6407
6369
6408
6370
6409
6371
6410
6372
6411
6373
6412
6374
6413
6375
6414
6376
6415
6377
6416
6378
6417
6379
6418
6380
6419
6381
6420
6382
6421
6383
6422
6384
6423
6385
6424
6386
6425
6387
6426
6388
6427
6389
6428
6429
6391
6430
6392
6431
6393
6432
6394
6433
6395
6434
6396
6435
6397
6436
6398
6437
6399
6438
6400
6439
6401
6440
6402
6441
6403
6442
6404
6443
6405
6444
6406
6445
6407
6446
6408
6447
6409
6448
6410
6449
6411
6450
6412
6451
6413
6452
6414
6453
6415
6454
6416
6455
6417
6456
6418
6457
6419
6458
6420
6459
6421
6460
6422
6461
6423
6462
6424
6463
6425
6464
6426
6465
6427
6466
6428
6467
6429
6468
6469
6431
6470
6432
6471
6433
6472
6434
6473
6435
6474
6436
6475
6437
6476
6438
6477
6439
6478
6440
6479
6441
6480
6442
6481
6443
6482
6444
6483
6445
6484
6446
6485
6447
6486
6448
6487
6449
6488
6450
6489
6451
6490
6452
6491
6453
6492
6454
6493
6455
6494
6456
6495
6457
6496
6458
6497
6459
6498
6460
6499
6461
6500
6462
6501
6463
6502
6464
6503
6465
6504
6466
6505
6467
6506
6468
6507
6469
6508
6509
6471
6510
6472
6511
6473
6512
6474
6513
6475
6514
6476
6515
6477
6516
6478
6517
6479
6518
6480
6519
6481
6520
6482
6521
6483
6522
6484
6523
6485
6524
6486
6525
6487
6526
6488
6527
6489
6528
6490
6529
6491
6530
6492
6531
6493
6532
6494
6533
6495
6534
6496
6535
6497
6536
6498
6537
6499
6538
6500
6539
6501
6540
6502
6541
6503
6542
6504
6543
6505
6544
6506
6545
6507
6546
6508
6547
6509
6548
6549
6511
6550
6512
6551
6513
6552
6514
6553
6515
6554
6516
6555
6517
6556
6518
6557
6519
6558
6520
6559
6521
6560
6522
6561
6523
6562
6524
6563
6525
6564
6526
6565
6527
6566
6528
6567
6529
6568
6530
6569
6531
6570
6532
6571
6533
6572
6534
6573
6535
6574
6536
6575
6537
6576
6538
6577
6539
6578
6540
6579
6541
6580
6542
6581
6543
6582
6544
6583
6545
6584
6546
6585
6547
6586
6548
6587
6549
6588
6589
6551
6590
6552
6591
6553
6592
6554
6593
6555
6594
6556
6595
6557
6596
6558
6597
6559
6598
6560
6599
6561
6600
6562
6601
6563
6602
6564
6603
6565
6604
6566
6605
6567
6606
6568
6607
6569
6608
6570
6609
6571
6610
6572
6611
6573
6612
6574
6613
6575
6614
6576
6615
6577
6616
6578
6617
6579
6618
6580
6619
6581
6620
6582
6621
6583
6622
6584
6623
6585
6624
6586
6625
6587
6626
6588
6627
6589
6628
6629
6591
6630
6592
6631
6593
6632
6594
6633
6595
6634
6596
6635
6597
6636
6598
6637
6599
6638
6600
6639
6601
6640
6602
6641
6603
6642
6604
6643
6605
6644
6606
6645
6607
6646
6608
6647
6609
6648
6610
6649
6611
6650
6612
6651
6613
6652
6614
6653
6615
6654
6616
6655
6617
6656
6618
6657
6619
6658
6620
6659
6621
6660
6622
6661
6623
6662
6624
6663
6625
6664
6626
6665
6627
6666
6628
6667
6629
6668
6669
6631
6670
6632
6671
6633
6672
6634
6673
6635
6674
6636
6675
6637
6676
6638
6677
6639
6678
6640
6679
6641
6680
6642
6681
6643
6682
6644
6683
6645
6684
6646
6685
6647
6686
6648
6687
6649
6688
6650
6689
6651
6690
6652
6691
6653
6692
6654
6693
6655
6694
6656
6695
6657
6696
6658
6697
6659
6698
6660
6699
6661
6700
6662
6701
6663
6702
6664
6703
6665
6704
6666
6705
6667
6706
6668
6707
6669
6708
6709
6671
6710
6672
6711
6673
6712
6674
6713
6675
6714
6676
6715
6677
6716
6678
6717
6679
6718
6680
6719
6681
6720
6682
6721
6683
6722
6684
6723
6685
6724
6686
6725
6687
6726
6688
6727
6689
6728
6690
6729
6691
6730
6692
6731
6693
6732
6694
6733
6695
6734
6696
6735
6697
6736
6698
6737
6699
6738
6700
6739
6701
6740
6702
6741
6703
6742
6704
6743
6705
6744
6706
6745
6707
6746
6708
6747
6709
6748
6749
6711
6750
6712
6751
6713
6752
6714
6753
6715
6754
6716
6755
6717
6756
6718
6757
6719
6758
6720
6759
6721
6760
6722
6761
6723
6762
6724
6763
6725
6764
6726
6765
6727
6766
6728
6767
6729
6768
6730
6769
6731
6770
6732
6771
6733
6772
6734
6773
6735
6774
6736
6775
6737
6776
6738
6777
6739
6778
6740
6779
6741
6780
6742
6781
6743
6782
6744
6783
6745
6784
6746
6785
6747
6786
6748
6787
6749
6788
6789
6751
6790
6752
6791
6753
6792
6754
6793
6755
6794
6756
6795
6757
6796
6758
6797
6759
6798
6760
6799
6761
6800
6762
6801
6763
6802
6764
6803
6765
6804
6766
6805
6767
6806
6768
6807
6769
6808
6770
6809
6771
6810
6772
6811
6773
6812
6774
6813
6775
6814
6776
6815
6777
6816
6778
6817
6779
6818
6780
6819
6781
6820
6782
6821
6783
6822
6784
6823
6785
6824
6786
6825
6787
6826
6788
6827
6789
6828
6829
6791
6830
6792
6831
6793
6832
6794
6833
6795
6834
6796
6835
6797
6836
6798
6837
6799
6838
6800
6839
6801
6840
6802
6841
6803
6842
6804
6843
6805
6844
6806
6845
6807
6846
6808
6847
6809
6848
6810
6849
6811
6850
6812
6851
6813
6852
6814
6853
6815
6854
6816
6855
6817
6856
6818
6857
6819
6858
6820
6859
6821
6860
6822
6861
6823
6862
6824
6863
6825
6864
6826
6865
6827
6866
6828
6867
6829
6868
6869
6831
6870
6832
6871
6833
6872
6834
6873
6835
6874
6836
6875
6837
6876
6838
6877
6839
6878
6840
6879
6841
6880
6842
6881
6843
6882
6844
6883
6845
6884
6846
6885
6847
6886
6848
6887
6849
6888
6850
6889
6851
6890
6852
6891
6853
6892
6854
6893
6855
6894
6856
6895
6857
6896
6858
6897
6859
6898
6860
6899
6861
6900
6862
6901
6863
6902
6864
6903
6865
6904
6866
6905
6867
6906
6868
6907
6869
6908
6909
6871
6910
6872
6911
6873
6912
6874
6913
6875
6914
6876
6915
6877
6916
6878
6917
6879
6918
6880
6919
6881
6920
6882
6921
6883
6922
6884
6923
6885
6924
6886
6925
6887
6926
6888
6927
6889
6928
6890
6929
6891
6930
6892
6931
6893
6932
6894
6933
6895
6934
6896
6935
6897
6936
6898
6937
6899
6938
6900
6939
6901
6940
6902
6941
6903
6942
6904
6943
6905
6944
6906
6945
6907
6946
6908
6947
6909
6948
6949
6911
6950
6912
6951
6913
6952
6914
6953
6915
6954
6916
6955
6917
6956
6918
6957
6919
6958
6920
6959
6921
6960
6922
6961
6923
6962
6924
6963
6925
6964
6926
6965
6927
6966
6928
6967
6929
6968
6930
6969
6931
6970
6932
6971
6933
6972
6934
6973
6935
6974
6936
6975
6937
6976
6938
6977
6939
6978
6940
6979
6941
6980
6942
6981
6943
6982
6944
6983
6945
6984
6946
6985
6947
6986
6948
6987
6949
6988
6989
6951
6990
6952
6991
6953
6992
6954
6993
6955
6994
6956
6995
6957
6996
6958
6997
6959
6998
6960
6999
6961
7000
6962
7001
6963
7002
6964
7003
6965
7004
6966
7005
6967
7006
6968
7007
6969
7008
6970
7009
6971
7010
6972
7011
6973
7012
6974
7013
6975
7014
6976
7015
6977
7016
6978
7017
6979
7018
6980
7019
6981
7020
6982
7021
6983
7022
6984
7023
6985
7024
6986
7025
6987
7026
6988
7027
6989
7028
7029
6991
7030
6992
7031
6993
7032
6994
7033
6995
7034
6996
7035
6997
7036
6998
7037
6999
7038
7000
7039
7001
7040
7002
7041
7003
7042
7004
7043
7005
7044
7006
7045
7007
7046
7008
7047
7009
7048
7010
7049
7011
7050
7012
7051
7013
7052
7014
7053
7015
7054
7016
7055
7017
7056
7018
7057
7019
7058
7020
7059
7021
7060
7022
7061
7023
7062
7024
7063
7025
7064
7026
7065
7027
7066
7028
7067
7029
7068
7069
7031
7070
7032
7071
7033
7072
7034
7073
7035
7074
7036
7075
7037
7076
7038
7077
7039
7078
7040
7079
7041
7080
7042
7081
7043
7082
7044
7083
7045
7084
7046
7085
7047
7086
7048
7087
7049
7088
7050
7089
7051
7090
7052
7091
7053
7092
7054
7093
7055
7094
7056
7095
7057
7096
7058
7097
7059
7098
7060
7099
7061
7100
7062
7101
7063
7102
7064
7103
7065
7104
7066
7105
7067
7106
7068
7107
7069
7108
7109
7071
7110
7072
7111
7073
7112
7074
7113
7075
7114
7076
7115
7077
7116
7078
7117
7079
7118
7080
7119
7081
7120
7082
7121
7083
7122
7084
7123
7085
7124
7086
7125
7087
7126
7088
7127
7089
7128
7090
7129
7091
7130
7092
7131
7093
7132
7094
7133
7095
7134
7096
7135
7097
7136
7098
7137
7099
7138
7100
7139
7101
7140
7102
7141
7103
7142
7104
7143
7105
7144
7106
7145
7107
7146
7108
7147
7109
7148
7149
7111
7150
7112
7151
7113
7152
7114
7153
7115
7154
7116
7155
7117
7156
7118
7157
7119
7158
7120
7159
7121
7160
7122
7161
7123
7162
7124
7163
7125
7164
7126
7165
7127
7166
7128
7167
7129
7168
7130
7169
7131
7170
7132
7171
7133
7172
7134
7173
7135
7174
7136
7175
7137
7176
7138
7177
7139
7178
7140
7179
7141
7180
7142
7181
7143
7182
7144
7183
7145
7184
7146
7185
7147
7186
7148
7187
7149
7188
7189
7151
7190
7152
7191
7153
7192
7154
7193
7155
7194
7156
7195
7157
7196
7158
7197
7159
7198
7160
7199
7161
7200
7162
7201
7163
7202
7164
7203
7165
7204
7166
7205
7167
7206
7168
7207
7169
7208
7170
7209
7171
7210
7172
7211
7173
7212
7174
7213
7175
7214
7176
7215
7177
7216
7178
7217
7179
7218
7180
7219
7181
7220
7182
7221
7183
7222
7184
7223
7185
7224
7186
7225
7187
7226
7188
7227
7189
7228
7229
7191
7230
7192
7231
7193
7232
7194
7233
7195
7234
7196
7235
7197
7236
7198
7237
7199
7238
7200
7239
7201
7240
7202
7241
7203
7242
7204
7243
7205
7244
7206
7245
7207
7246
7208
7247
7209
7248
7210
7249
7211
7250
7212
7251
7213
7252
7214
7253
7215
7254
7216
7255
7217
7256
7218
7257
7219
7258
7220
7259
7221
7260
7222
7261
7223
7262
7224
7263
7225
7264
7226
7265
7227
7266
7228
7267
7229
7268
7269
7231
7270
7232
7271
7233
7272
7234
7273
7235
7274
7236
7275
7237
7276
7238
7277
7239
7278
7240
7279
7241
7280
7242
7281
7243
7282
7244
7283
7245
7284
7246
7285
7247
7286
7248
7287
7249
7288
7250
7289
7251
7290
7252
7291
7253
7292
7254
7293
7255
7294
7256
7295
7257
7296
7258
7297
7259
7298
7260
7299
7261
7300
7262
7301
7263
7302
7264
7303
7265
7304
7266
7305
7267
7306
7268
7307
7269
7308
7309
7271
7310
7272
7311
7273
7312
7274
7313
7275
7314
7276
7315
7277
7316
7278
7317
7279
7318
7280
7319
7281
7320
7282
7321
7283
7322
7284
7323
7285
7324
7286
7325
7287
7326
7288
7327
7289
7328
7290
7329
7291
7330
7292
7331
7293
7332
7294
7333
7295
7334
7296
7335
7297
7336
7298
7337
7299
7338
7300
7339
7301
7340
7302
7341
7303
7342
7304
7343
7305
7344
7306
7345
7307
7346
7308
7347
7309
7348
7349
7311
7350
7312
7351
7313
7352
7314
7353
7315
7354
7316
7355
7317
7356
7318
7357
7319
7358
7320
7359
7321
7360
7322
7361
7323
7362
7324
7363
7325
7364
7326
7365
7327
7366
7328
7367
7329
7368
7330
7369
7331
7370
7332
7371
7333
7372
7334
7373
7335
7374
7336
7375
7337
7376
7338
7377
7339
7378
7340
7379
7341
7380
7342
7381
7343
7382
7344
7383
7345
7384
7346
7385
7347
7386
7348
7387
7349
7388
7389
7351
7390
7352
7391
7353
7392
7354
7393
7355
7394
7356
7395
7357
7396
7358
7397
7359
7398
7360
7399
7361
7400
7362
7401
7363
7402
7364
7403
7365
7404
7366
7405
7367
7406
7368
7407
7369
7408
7370
7409
7371
7410
7372
7411
7373
7412
7374
7413
7375
7414
7376
7415
7377
7416
7378
7417
7379
7418
7380
7419
7381
7420
7382
7421
7383
7422
7384
7423
7385
7424
7386
7425
7387
7426
7388
7427
7389
7428
7429
7391
7430
7392
7431
7393
7432
7394
7433
7395
7434
7396
7435
7397
7436
7398
7437
7399
7438
7400
7439
7401
7440
7402
7441
7403
7442
7404
7443
7405
7444
7406
7445
7407
7446
7408
7447
7409
7448
7410
7449
7411
7450
7412
7451
7413
7452
7414
7453
7415
7454
7416
7455
7417
7456
7418
7457
7419
7458
7420
7459
7421
7460
7422
7461
7423
7462
7424
7463
7425
7464
7426
7465
7427
7466
7428
7467
7429
7468
7469
7431
7470
7432
7471
7433
7472
7434
7473
7435
7474
7436
7475
7437
7476
7438
7477
7439
7478
7440
7479
7441
7480
7442
7481
7443
7482
7444
7483
7445
7484
7446
7485
7447
7486
7448
7487
7449
7488
7450
7489
7451
7490
7452
7491
7453
7492
7454
7493
7455
7494
7456
7495
7457
7496
7458
7497
7459
7498
7460
7499
7461
7500
7462
7501
7463
7502
7464
7503
7465
7504
7466
7505
7467
7506
7468
7507
7469
7508
7509
7471
7510
7472
7511
7473
7512
7474
7513
7475
7514
7476
7515
7477
7516
7478
7517
7479
7518
7480
7519
7481
7520
7482
7521
7483
7522
7484
7523
7485
7524
7486
7525
7487
7526
7488
7527
7489
7528
7490
7529
7491
7530
7492
7531
7493
7532
7494
7533
7495
7534
7496
7535
7497
7536
7498
7537
7499
7538
7500
7539
7501
7540
7502
7541
7503
7542
7504
7543
7505
7544
7506
7545
7507
7546
7508
7547
7509
7548
7549
7511
7550
7512
7551
7513
7552
7514
7553
7515
7554
7516
7555
7517
7556
7518
7557
7519
7558
7520
7559
7521
7560
7522
7561
7523
7562
7524
7563
7525
7564
7526
7565
7527
7566
7528
7567
7529
7568
7530
7569
7531
7570
7532
7571
7533
7572
7534
7573
7535
7574
7536
7575
7537
7576
7538
7577
7539
7578
7540
7579
7541
7580
7542
7581
7543
7582
7544
7583
7545
7584
7546
7585
7547
7586
7548
7587
7549
7588
7589
7551
7590
7552
7591
7553
7592
7554
7593
7555
7594
7556
7595
7557
7596
7558
7597
7559
7598
7560
7599
7561
7600
7562
7601
7563
7602
7564
7603
7565
7604
7566
7605
7567
7606
7568
7607
7569
7608
7570
7609
7571
7610
7572
7611
7573
7612
7574
7613
7575
7614
7576
7615
7577
7616
7578
7617
7579
7618
7580
7619
7581
7620
7582
7621
7583
7622
7584
7623
7585
7624
7586
7625
7587
7626
7588
7627
7589
7628
7629
7591
7630
7592
7631
7593
7632
7594
7633
7595
7634
7596
7635
7597
7636
7598
7637
7599
7638
7600
7639
7601
7640
7602
7641
7603
7642
7604
7643
7605
7644
7606
7645
7607
7646
7608
7647
7609
7648
7610
7649
7611
7650
7612
7651
7613
7652
7614
7653
7615
7654
7616
7655
7617
7656
7618
7657
7619
7658
7620
7659
7621
7660
7622
7661
7623
7662
7624
7663
7625
7664
7626
7665
7627
7666
7628
7667
7629
7668
7669
7631
7670
7632
7671
7633
7672
7634
7673
7635
7674
7636
7675
7637
7676
7638
7677
7639
7678
7640
7679
7641
7680
7642
7681
7643
7682
7644
7683
7645
7684
7646
7685
7647
7686
7648
7687
7649
7688
7650
7689
7651
7690
7652
7691
7653
7692
7654
7693
7655
7694
7656
7695
7657
7696
7658
7697
7659
7698
7660
7699
7661
7700
7662
7701
7663
7702
7664
7703
7665
7704
7666
7705
7667
7706
7668
7707
7669
7708
7709
7671
7710
7672
7711
7673
7712
7674
7713
7675
7714
7676
7715
7677
7716
7678
7717
7679
7718
7680
7719
7681
7720
7682
7721
7683
7722
7684
7723
7685
7724
7686
7725
7687
7726
7688
7727
7689
7728
7690
7729
7691
7730
7692
7731
7693
7732
7694
7733
7695
7734
7696
7735
7697
7736
7698
7737
7699
7738
7700
7739
7701
7740
7702
7741
7703
7742
7704
7743
7705
7744
7706
7745
7707
7746
7708
7747
7709
7748
7749
7711
7712
7713
7714
7715
7716
7717
7718
7719
7720
7721
7722
7723
7724
7725
7726
7727
7728
7729
7730
7731
7732
7733
7734
7735
7736
7737
7738
7739
7740
7741
7742
7743
7744
7745
7746
7747
7748
7749
7751
7790
9300
7752
7791
9310
7753
7792
9320
7754
7793
9330
7755
7794
9340
7756
7795
9350
7757
7796
9360
7758
7797
9370
7759
7798
9380
7760
7799
9390
7761
7800
9400
7762
7801
9410
7763
7802
9420
7764
7803
9430
7765
7804
9440
7766
7805
9450
7767
7806
9460
7768
7807
9470
7769
7808
9480
7770
7809
9490
7771
7810
9500
7772
7811
9510
7773
7812
9520
7774
7813
9530
7775
7814
9540
7776
7815
9550
7777
7816
9560
7778
7817
9570
7779
7818
9580
7780
7819
9590
7781
7820
9600
7782
7821
9610
7783
7822
9620
7784
7823
9630
7785
7824
9640
7786
7825
9650
7787
7826
9660
7788
7827
9670
7789
7828
9680
7829
9690
7791
7830
7792
7831
7793
7832
7794
7833
7795
7834
7796
7835
7797
7836
7798
7837
7799
7838
7800
7839
7801
7840
7802
7841
7803
7842
7804
7843
7805
7844
7806
7845
7807
7846
7808
7847
7809
7848
7810
7849
7811
7850
7812
7851
7813
7852
7814
7853
7815
7854
7816
7855
7817
7856
7818
7857
7819
7858
7820
7859
7821
7860
7822
7861
7823
7862
7824
7863
7825
7864
7826
7865
7827
7866
7828
7867
7829
7868
7869
7831
7870
7832
7871
7833
7872
7834
7873
7835
7874
7836
7875
7837
7876
7838
7877
7839
7878
7840
7879
7841
7880
7842
7881
7843
7882
7844
7883
7845
7884
7846
7885
7847
7886
7848
7887
7849
7888
7850
7889
7851
7890
7852
7891
7853
7892
7854
7893
7855
7894
7856
7895
7857
7896
7858
7897
7859
7898
7860
7899
7861
7900
7862
7901
7863
7902
7864
7903
7865
7904
7866
7905
7867
7906
7868
7907
7869
7908
7909
7871
7910
7872
7911
7873
7912
7874
7913
7875
7914
7876
7915
7877
7916
7878
7917
7879
7918
7880
7919
7881
7920
7882
7921
7883
7922
7884
7923
7885
7924
7886
7925
7887
7926
7888
7927
7889
7928
7890
7929
7891
7930
7892
7931
7893
7932
7894
7933
7895
7934
7896
7935
7897
7936
7898
7937
7899
7938
7900
7939
7901
7940
7902
7941
7903
7942
7904
7943
7905
7944
7906
7945
7907
7946
7908
7947
7909
7948
7949
7911
7950
7912
7951
7913
7952
7914
7953
7915
7954
7916
7955
7917
7956
7918
7957
7919
7958
7920
7959
7921
7960
7922
7961
7923
7962
7924
7963
7925
7964
7926
7965
7927
7966
7928
7967
7929
7968
7930
7969
7931
7970
7932
7971
7933
7972
7934
7973
7935
7974
7936
7975
7937
7976
7938
7977
7939
7978
7940
7979
7941
7980
7942
7981
7943
7982
7944
7983
7945
7984
7946
7985
7947
7986
7948
7987
7949
7988
7989
7951
7990
7952
7991
7953
7992
7954
7993
7955
7994
7956
7995
7957
7996
7958
7997
7959
7998
7960
7999
7961
8000
7962
8001
7963
8002
7964
8003
7965
8004
7966
8005
7967
8006
7968
8007
7969
8008
7970
8009
7971
8010
7972
8011
7973
8012
7974
8013
7975
8014
7976
8015
7977
8016
7978
8017
7979
8018
7980
8019
7981
8020
7982
8021
7983
8022
7984
8023
7985
8024
7986
8025
7987
8026
7988
8027
7989
8028
8029
7991
8030
7992
8031
7993
8032
7994
8033
7995
8034
7996
8035
7997
8036
7998
8037
7999
8038
8000
8039
8001
8040
8002
8041
8003
8042
8004
8043
8005
8044
8006
8045
8007
8046
8008
8047
8009
8048
8010
8049
8011
8050
8012
8051
8013
8052
8014
8053
8015
8054
8016
8055
8017
8056
8018
8057
8019
8058
8020
8059
8021
8060
8022
8061
8023
8062
8024
8063
8025
8064
8026
8065
8027
8066
8028
8067
8029
8068
8069
8031
8070
8032
8071
8033
8072
8034
8073
8035
8074
8036
8075
8037
8076
8038
8077
8039
8078
8040
8079
8041
8080
8042
8081
8043
8082
8044
8083
8045
8084
8046
8085
8047
8086
8048
8087
8049
8088
8050
8089
8051
8090
8052
8091
8053
8092
8054
8093
8055
8094
8056
8095
8057
8096
8058
8097
8059
8098
8060
8099
8061
8100
8062
8101
8063
8102
8064
8103
8065
8104
8066
8105
8067
8106
8068
8107
8069
8108
8109
8071
8110
8072
8111
8073
8112
8074
8113
8075
8114
8076
8115
8077
8116
8078
8117
8079
8118
8080
8119
8081
8120
8082
8121
8083
8122
8084
8123
8085
8124
8086
8125
8087
8126
8088
8127
8089
8128
8090
8129
8091
8130
8092
8131
8093
8132
8094
8133
8095
8134
8096
8135
8097
8136
8098
8137
8099
8138
8100
8139
8101
8140
8102
8141
8103
8142
8104
8143
8105
8144
8106
8145
8107
8146
8108
8147
8109
8148
8149
8111
8112
8113
8114
8115
8116
8117
8118
8119
8120
8121
8122
8123
8124
8125
8126
8127
8128
8129
8130
8131
8132
8133
8134
8135
8136
8137
8138
8139
8140
8141
8142
8143
8144
8145
8146
8147
8148
8149
8151
8170
8530
8152
8171
8531
8153
8172
8532
8154
8173
8533
8155
8174
8534
8156
8175
8535
8157
8176
8536
8158
8177
8537
8159
8178
8538
8160
8179
8539
8161
8180
8540
8162
8181
8541
8163
8182
8542
8164
8183
8543
8165
8184
8544
8166
8185
8545
8167
8186
8546
8168
8187
8547
8169
8188
8548
8189
8549
9309
8171
8190
8172
8191
8173
8192
8174
8193
8175
8194
8176
8195
8177
8196
8178
8197
8179
8198
8180
8199
8181
8200
8182
8201
8183
8202
8184
8203
8185
8204
8186
8205
8187
8206
8188
8207
8189
8208
8209
9308
8191
8210
8192
8211
8193
8212
8194
8213
8195
8214
8196
8215
8197
8216
8198
8217
8199
8218
8200
8219
8201
8220
8202
8221
8203
8222
8204
8223
8205
8224
8206
8225
8207
8226
8208
8227
8209
8228
8229
9307
8211
8230
8212
8231
8213
8232
8214
8233
8215
8234
8216
8235
8217
8236
8218
8237
8219
8238
8220
8239
8221
8240
8222
8241
8223
8242
8224
8243
8225
8244
8226
8245
8227
8246
8228
8247
8229
8248
8249
9306
8231
8250
8232
8251
8233
8252
8234
8253
8235
8254
8236
8255
8237
8256
8238
8257
8239
8258
8240
8259
8241
8260
8242
8261
8243
8262
8244
8263
8245
8264
8246
8265
8247
8266
8248
8267
8249
8268
8269
9305
8251
8270
8252
8271
8253
8272
8254
8273
8255
8274
8256
8275
8257
8276
8258
8277
8259
8278
8260
8279
8261
8280
8262
8281
8263
8282
8264
8283
8265
8284
8266
8285
8267
8286
8268
8287
8269
8288
8289
9304
8271
8290
8272
8291
8273
8292
8274
8293
8275
8294
8276
8295
8277
8296
8278
8297
8279
8298
8280
8299
8281
8300
8282
8301
8283
8302
8284
8303
8285
8304
8286
8305
8287
8306
8288
8307
8289
8308
8309
9303
8291
8310
8292
8311
8293
8312
8294
8313
8295
8314
8296
8315
8297
8316
8298
8317
8299
8318
8300
8319
8301
8320
8302
8321
8303
8322
8304
8323
8305
8324
8306
8325
8307
8326
8308
8327
8309
8328
8329
9302
8311
8330
8312
8331
8313
8332
8314
8333
8315
8334
8316
8335
8317
8336
8318
8337
8319
8338
8320
8339
8321
8340
8322
8341
8323
8342
8324
8343
8325
8344
8326
8345
8327
8346
8328
8347
8329
8348
8349
9301
8331
8332
8333
8334
8335
8336
8337
8338
8339
8340
8341
8342
8343
8344
8345
8346
8347
8348
8349
9300
8351
8370
8352
8371
8353
8372
8354
8373
8355
8374
8356
8375
8357
8376
8358
8377
8359
8378
8360
8379
8361
8380
8362
8381
8363
8382
8364
8383
8365
8384
8366
8385
8367
8386
8368
8387
8369
8388
8389
8550
8371
8390
8372
8391
8373
8392
8374
8393
8375
8394
8376
8395
8377
8396
8378
8397
8379
8398
8380
8399
8381
8400
8382
8401
8383
8402
8384
8403
8385
8404
8386
8405
8387
8406
8388
8407
8389
8408
8409
8565
8391
8410
8392
8411
8393
8412
8394
8413
8395
8414
8396
8415
8397
8416
8398
8417
8399
8418
8400
8419
8401
8420
8402
8421
8403
8422
8404
8423
8405
8424
8406
8425
8407
8426
8408
8427
8409
8428
8429
8580
8411
8430
8412
8431
8413
8432
8414
8433
8415
8434
8416
8435
8417
8436
8418
8437
8419
8438
8420
8439
8421
8440
8422
8441
8423
8442
8424
8443
8425
8444
8426
8445
8427
8446
8428
8447
8429
8448
8449
8595
8431
8450
8432
8451
8433
8452
8434
8453
8435
8454
8436
8455
8437
8456
8438
8457
8439
8458
8440
8459
8441
8460
8442
8461
8443
8462
8444
8463
8445
8464
8446
8465
8447
8466
8448
8467
8449
8468
8469
8610
8451
8470
8452
8471
8453
8472
8454
8473
8455
8474
8456
8475
8457
8476
8458
8477
8459
8478
8460
8479
8461
8480
8462
8481
8463
8482
8464
8483
8465
8484
8466
8485
8467
8486
8468
8487
8469
8488
8489
8625
8471
8490
8472
8491
8473
8492
8474
8493
8475
8494
8476
8495
8477
8496
8478
8497
8479
8498
8480
8499
8481
8500
8482
8501
8483
8502
8484
8503
8485
8504
8486
8505
8487
8506
8488
8507
8489
8508
8509
8640
8491
8510
8492
8511
8493
8512
8494
8513
8495
8514
8496
8515
8497
8516
8498
8517
8499
8518
8500
8519
8501
8520
8502
8521
8503
8522
8504
8523
8505
8524
8506
8525
8507
8526
8508
8527
8509
8528
8529
8655
8511
8530
8512
8531
8513
8532
8514
8533
8515
8534
8516
8535
8517
8536
8518
8537
8519
8538
8520
8539
8521
8540
8522
8541
8523
8542
8524
8543
8525
8544
8526
8545
8527
8546
8528
8547
8529
8548
8549
8670
8531
8532
8533
8534
8535
8536
8537
8538
8539
8540
8541
8542
8543
8544
8545
8546
8547
8548
8549
8685
8551
8565
8552
8566
8553
8567
8554
8568
8555
8569
8556
8570
8557
8571
8558
8572
8559
8573
8560
8574
8561
8575
8562
8576
8563
8577
8564
8578
8579
8566
8580
8567
8581
8568
8582
8569
8583
8570
8584
8571
8585
8572
8586
8573
8587
8574
8588
8575
8589
8576
8590
8577
8591
8578
8592
8579
8593
8594
8581
8595
8582
8596
8583
8597
8584
8598
8585
8599
8586
8600
8587
8601
8588
8602
8589
8603
8590
8604
8591
8605
8592
8606
8593
8607
8594
8608
8609
8596
8610
8597
8611
8598
8612
8599
8613
8600
8614
8601
8615
8602
8616
8603
8617
8604
8618
8605
8619
8606
8620
8607
8621
8608
8622
8609
8623
8624
8611
8625
8612
8626
8613
8627
8614
8628
8615
8629
8616
8630
8617
8631
8618
8632
8619
8633
8620
8634
8621
8635
8622
8636
8623
8637
8624
8638
8639
8626
8640
8627
8641
8628
8642
8629
8643
8630
8644
8631
8645
8632
8646
8633
8647
8634
8648
8635
8649
8636
8650
8637
8651
8638
8652
8639
8653
8654
8641
8655
8642
8656
8643
8657
8644
8658
8645
8659
8646
8660
8647
8661
8648
8662
8649
8663
8650
8664
8651
8665
8652
8666
8653
8667
8654
8668
8669
8656
8670
8657
8671
8658
8672
8659
8673
8660
8674
8661
8675
8662
8676
8663
8677
8664
8678
8665
8679
8666
8680
8667
8681
8668
8682
8669
8683
8684
8671
8685
8672
8686
8673
8687
8674
8688
8675
8689
8676
8690
8677
8691
8678
8692
8679
8693
8680
8694
8681
8695
8682
8696
8683
8697
8684
8698
8699
8686
8700
8687
8701
8688
8702
8689
8703
8690
8704
8691
8705
8692
8706
8693
8707
8694
8708
8695
8709
8696
8710
8697
8711
8698
8712
8699
8713
8714
8701
8715
9309
8702
8716
8703
8717
8704
8718
8705
8719
8706
8720
8707
8721
8708
8722
8709
8723
8710
8724
8711
8725
8712
8726
8713
8727
8714
8728
8729
8716
8730
9319
8717
8731
8718
8732
8719
8733
8720
8734
8721
8735
8722
8736
8723
8737
8724
8738
8725
8739
8726
8740
8727
8741
8728
8742
8729
8743
8744
8731
8745
9329
8732
8746
8733
8747
8734
8748
8735
8749
8736
8750
8737
8751
8738
8752
8739
8753
8740
8754
8741
8755
8742
8756
8743
8757
8744
8758
8759
8746
8760
9339
8747
8761
8748
8762
8749
8763
8750
8764
8751
8765
8752
8766
8753
8767
8754
8768
8755
8769
8756
8770
8757
8771
8758
8772
8759
8773
8774
8761
8775
9349
8762
8776
8763
8777
8764
8778
8765
8779
8766
8780
8767
8781
8768
8782
8769
8783
8770
8784
8771
8785
8772
8786
8773
8787
8774
8788
8789
8776
8790
9359
8777
8791
8778
8792
8779
8793
8780
8794
8781
8795
8782
8796
8783
8797
8784
8798
8785
8799
8786
8800
8787
8801
8788
8802
8789
8803
8804
8791
8805
9369
8792
8806
8793
8807
8794
8808
8795
8809
8796
8810
8797
8811
8798
8812
8799
8813
8800
8814
8801
8815
8802
8816
8803
8817
8804
8818
8819
8806
8820
9379
8807
8821
8808
8822
8809
8823
8810
8824
8811
8825
8812
8826
8813
8827
8814
8828
8815
8829
8816
8830
8817
8831
8818
8832
8819
8833
8834
8821
8835
9389
8822
8836
8823
8837
8824
8838
8825
8839
8826
8840
8827
8841
8828
8842
8829
8843
8830
8844
8831
8845
8832
8846
8833
8847
8834
8848
8849
8836
8850
9399
8837
8851
8838
8852
8839
8853
8840
8854
8841
8855
8842
8856
8843
8857
8844
8858
8845
8859
8846
8860
8847
8861
8848
8862
8849
8863
8864
8851
8865
9409
8852
8866
8853
8867
8854
8868
8855
8869
8856
8870
8857
8871
8858
8872
8859
8873
8860
8874
8861
8875
8862
8876
8863
8877
8864
8878
8879
8866
8880
9419
8867
8881
8868
8882
8869
8883
8870
8884
8871
8885
8872
8886
8873
8887
8874
8888
8875
8889
8876
8890
8877
8891
8878
8892
8879
8893
8894
8881
8895
9429
8882
8896
8883
8897
8884
8898
8885
8899
8886
8900
8887
8901
8888
8902
8889
8903
8890
8904
8891
8905
8892
8906
8893
8907
8894
8908
8909
8896
8910
9439
8897
8911
8898
8912
8899
8913
8900
8914
8901
8915
8902
8916
8903
8917
8904
8918
8905
8919
8906
8920
8907
8921
8908
8922
8909
8923
8924
8911
8925
9449
8912
8926
8913
8927
8914
8928
8915
8929
8916
8930
8917
8931
8918
8932
8919
8933
8920
8934
8921
8935
8922
8936
8923
8937
8924
8938
8939
8926
8940
9459
8927
8941
8928
8942
8929
8943
8930
8944
8931
8945
8932
8946
8933
8947
8934
8948
8935
8949
8936
8950
8937
8951
8938
8952
8939
8953
8954
8941
8955
9469
8942
8956
8943
8957
8944
8958
8945
8959
8946
8960
8947
8961
8948
8962
8949
8963
8950
8964
8951
8965
8952
8966
8953
8967
8954
8968
8969
8956
8970
9479
8957
8971
8958
8972
8959
8973
8960
8974
8961
8975
8962
8976
8963
8977
8964
8978
8965
8979
8966
8980
8967
8981
8968
8982
8969
8983
8984
8971
8985
9489
8972
8986
8973
8987
8974
8988
8975
8989
8976
8990
8977
8991
8978
8992
8979
8993
8980
8994
8981
8995
8982
8996
8983
8997
8984
8998
8999
8986
9000
9499
8987
9001
8988
9002
8989
9003
8990
9004
8991
9005
8992
9006
8993
9007
8994
9008
8995
9009
8996
9010
8997
9011
8998
9012
8999
9013
9014
9001
9015
9509
9002
9016
9003
9017
9004
9018
9005
9019
9006
9020
9007
9021
9008
9022
9009
9023
9010
9024
9011
9025
9012
9026
9013
9027
9014
9028
9029
9016
9030
9519
9017
9031
9018
9032
9019
9033
9020
9034
9021
9035
9022
9036
9023
9037
9024
9038
9025
9039
9026
9040
9027
9041
9028
9042
9029
9043
9044
9031
9045
9529
9032
9046
9033
9047
9034
9048
9035
9049
9036
9050
9037
9051
9038
9052
9039
9053
9040
9054
9041
9055
9042
9056
9043
9057
9044
9058
9059
9046
9060
9539
9047
9061
9048
9062
9049
9063
9050
9064
9051
9065
9052
9066
9053
9067
9054
9068
9055
9069
9056
9070
9057
9071
9058
9072
9059
9073
9074
9061
9075
9549
9062
9076
9063
9077
9064
9078
9065
9079
9066
9080
9067
9081
9068
9082
9069
9083
9070
9084
9071
9085
9072
9086
9073
9087
9074
9088
9089
9076
9090
9559
9077
9091
9078
9092
9079
9093
9080
9094
9081
9095
9082
9096
9083
9097
9084
9098
9085
9099
9086
9100
9087
9101
9088
9102
9089
9103
9104
9091
9105
9569
9092
9106
9093
9107
9094
9108
9095
9109
9096
9110
9097
9111
9098
9112
9099
9113
9100
9114
9101
9115
9102
9116
9103
9117
9104
9118
9119
9106
9120
9579
9107
9121
9108
9122
9109
9123
9110
9124
9111
9125
9112
9126
9113
9127
9114
9128
9115
9129
9116
9130
9117
9131
9118
9132
9119
9133
9134
9121
9135
9589
9122
9136
9123
9137
9124
9138
9125
9139
9126
9140
9127
9141
9128
9142
9129
9143
9130
9144
9131
9145
9132
9146
9133
9147
9134
9148
9149
9136
9150
9599
9137
9151
9138
9152
9139
9153
9140
9154
9141
9155
9142
9156
9143
9157
9144
9158
9145
9159
9146
9160
9147
9161
9148
9162
9149
9163
9164
9151
9165
9609
9152
9166
9153
9167
9154
9168
9155
9169
9156
9170
9157
9171
9158
9172
9159
9173
9160
9174
9161
9175
9162
9176
9163
9177
9164
9178
9179
9166
9180
9619
9167
9181
9168
9182
9169
9183
9170
9184
9171
9185
9172
9186
9173
9187
9174
9188
9175
9189
9176
9190
9177
9191
9178
9192
9179
9193
9194
9181
9195
9629
9182
9196
9183
9197
9184
9198
9185
9199
9186
9200
9187
9201
9188
9202
9189
9203
9190
9204
9191
9205
9192
9206
9193
9207
9194
9208
9209
9196
9210
9639
9197
9211
9198
9212
9199
9213
9200
9214
9201
9215
9202
9216
9203
9217
9204
9218
9205
9219
9206
9220
9207
9221
9208
9222
9209
9223
9224
9211
9225
9649
9212
9226
9213
9227
9214
9228
9215
9229
9216
9230
9217
9231
9218
9232
9219
9233
9220
9234
9221
9235
9222
9236
9223
9237
9224
9238
9239
9226
9240
9659
9227
9241
9228
9242
9229
9243
9230
9244
9231
9245
9232
9246
9233
9247
9234
9248
9235
9249
9236
9250
9237
9251
9238
9252
9239
9253
9254
9241
9255
9669
9242
9256
9243
9257
9244
9258
9245
9259
9246
9260
9247
9261
9248
9262
9249
9263
9250
9264
9251
9265
9252
9266
9253
9267
9254
9268
9269
9256
9270
9679
9257
9271
9258
9272
9259
9273
9260
9274
9261
9275
9262
9276
9263
9277
9264
9278
9265
9279
9266
9280
9267
9281
9268
9282
9269
9283
9284
9271
9285
9689
9272
9286
9273
9287
9274
9288
9275
9289
9276
9290
9277
9291
9278
9292
9279
9293
9280
9294
9281
9295
9282
9296
9283
9297
9284
9298
9299
9286
9699
9287
9288
9289
9290
9291
9292
9293
9294
9295
9296
9297
9298
9299
9301
9310
9302
9311
9303
9312
9304
9313
9305
9314
9306
9315
9307
9316
9308
9317
9309
9318
9319
9311
9320
9312
9321
9313
9322
9314
9323
9315
9324
9316
9325
9317
9326
9318
9327
9319
9328
9329
9321
9330
9322
9331
9323
9332
9324
9333
9325
9334
9326
9335
9327
9336
9328
9337
9329
9338
9339
9331
9340
9332
9341
9333
9342
9334
9343
9335
9344
9336
9345
9337
9346
9338
9347
9339
9348
9349
9341
9350
9342
9351
9343
9352
9344
9353
9345
9354
9346
9355
9347
9356
9348
9357
9349
9358
9359
9351
9360
9352
9361
9353
9362
9354
9363
9355
9364
9356
9365
9357
9366
9358
9367
9359
9368
9369
9361
9370
9362
9371
9363
9372
9364
9373
9365
9374
9366
9375
9367
9376
9368
9377
9369
9378
9379
9371
9380
9372
9381
9373
9382
9374
9383
9375
9384
9376
9385
9377
9386
9378
9387
9379
9388
9389
9381
9390
9382
9391
9383
9392
9384
9393
9385
9394
9386
9395
9387
9396
9388
9397
9389
9398
9399
9391
9400
9392
9401
9393
9402
9394
9403
9395
9404
9396
9405
9397
9406
9398
9407
9399
9408
9409
9401
9410
9402
9411
9403
9412
9404
9413
9405
9414
9406
9415
9407
9416
9408
9417
9409
9418
9419
9411
9420
9412
9421
9413
9422
9414
9423
9415
9424
9416
9425
9417
9426
9418
9427
9419
9428
9429
9421
9430
9422
9431
9423
9432
9424
9433
9425
9434
9426
9435
9427
9436
9428
9437
9429
9438
9439
9431
9440
9432
9441
9433
9442
9434
9443
9435
9444
9436
9445
9437
9446
9438
9447
9439
9448
9449
9441
9450
9442
9451
9443
9452
9444
9453
9445
9454
9446
9455
9447
9456
9448
9457
9449
9458
9459
9451
9460
9452
9461
9453
9462
9454
9463
9455
9464
9456
9465
9457
9466
9458
9467
9459
9468
9469
9461
9470
9462
9471
9463
9472
9464
9473
9465
9474
9466
9475
9467
9476
9468
9477
9469
9478
9479
9471
9480
9472
9481
9473
9482
9474
9483
9475
9484
9476
9485
9477
9486
9478
9487
9479
9488
9489
9481
9490
9482
9491
9483
9492
9484
9493
9485
9494
9486
9495
9487
9496
9488
9497
9489
9498
9499
9491
9500
9492
9501
9493
9502
9494
9503
9495
9504
9496
9505
9497
9506
9498
9507
9499
9508
9509
9501
9510
9502
9511
9503
9512
9504
9513
9505
9514
9506
9515
9507
9516
9508
9517
9509
9518
9519
9511
9520
9512
9521
9513
9522
9514
9523
9515
9524
9516
9525
9517
9526
9518
9527
9519
9528
9529
9521
9530
9522
9531
9523
9532
9524
9533
9525
9534
9526
9535
9527
9536
9528
9537
9529
9538
9539
9531
9540
9532
9541
9533
9542
9534
9543
9535
9544
9536
9545
9537
9546
9538
9547
9539
9548
9549
9541
9550
9542
9551
9543
9552
9544
9553
9545
9554
9546
9555
9547
9556
9548
9557
9549
9558
9559
9551
9560
9552
9561
9553
9562
9554
9563
9555
9564
9556
9565
9557
9566
9558
9567
9559
9568
9569
9561
9570
9562
9571
9563
9572
9564
9573
9565
9574
9566
9575
9567
9576
9568
9577
9569
9578
9579
9571
9580
9572
9581
9573
9582
9574
9583
9575
9584
9576
9585
9577
9586
9578
9587
9579
9588
9589
9581
9590
9582
9591
9583
9592
9584
9593
9585
9594
9586
9595
9587
9596
9588
9597
9589
9598
9599
9591
9600
9592
9601
9593
9602
9594
9603
9595
9604
9596
9605
9597
9606
9598
9607
9599
9608
9609
9601
9610
9602
9611
9603
9612
9604
9613
9605
9614
9606
9615
9607
9616
9608
9617
9609
9618
9619
9611
9620
9612
9621
9613
9622
9614
9623
9615
9624
9616
9625
9617
9626
9618
9627
9619
9628
9629
9621
9630
9622
9631
9623
9632
9624
9633
9625
9634
9626
9635
9627
9636
9628
9637
9629
9638
9639
9631
9640
9632
9641
9633
9642
9634
9643
9635
9644
9636
9645
9637
9646
9638
9647
9639
9648
9649
9641
9650
9642
9651
9643
9652
9644
9653
9645
9654
9646
9655
9647
9656
9648
9657
9649
9658
9659
9651
9660
9652
9661
9653
9662
9654
9663
9655
9664
9656
9665
9657
9666
9658
9667
9659
9668
9669
9661
9670
9662
9671
9663
9672
9664
9673
9665
9674
9666
9675
9667
9676
9668
9677
9669
9678
9679
9671
9680
9672
9681
9673
9682
9674
9683
9675
9684
9676
9685
9677
9686
9678
9687
9679
9688
9689
9681
9690
9682
9691
9683
9692
9684
9693
9685
9694
9686
9695
9687
9696
9688
9697
9689
9698
9699
9691
9692
9693
9694
9695
9696
9697
9698
9699
)


// ************************************************************************* //
