/*--------------------------------*- C++ -*----------------------------------*\
| =========                 |                                                 |
| \\      /  F ield         | OpenFOAM: The Open Source CFD Toolbox           |
|  \\    /   O peration     | Version:  2312                                  |
|   \\  /    A nd           | Website:  www.openfoam.com                      |
|    \\/     M anipulation  |                                                 |
\*---------------------------------------------------------------------------*/
FoamFile
{
    version     2.0;
    format      ascii;
    arch        "LSB;label=32;scalar=64";
    class       pointScalarField;
    location    "0";
    object      motionScale;
}
// * * * * * * * * * * * * * * * * * * * * * * * * * * * * * * * * * * * * * //

dimensions      [0 0 0 0 0 0 0];

internalField   nonuniform List<scalar> 
19850
(
1
1
1
1
1
1
1
1
1
1
1
1
1
1
1
1
1
1
0.999996
0.999519
0.998097
1
1
1
1
1
1
1
1
1
1
1
1
1
1
1
1
1
1
0.999996
0.999519
0.998097
1
1
1
1
1
1
1
1
1
1
1
1
1
1
1
1
1
1
0.999996
0.999519
0.998097
1
1
1
1
1
1
1
1
1
1
1
1
1
1
1
1
1
1
0.999996
0.999519
0.998097
1
1
1
1
1
1
1
1
1
1
1
1
1
1
1
1
1
1
0.999996
0.999519
0.998097
1
1
1
1
1
1
1
1
1
1
1
1
1
1
1
1
1
1
0.999996
0.999519
0.998097
1
1
1
1
1
1
1
1
1
1
1
1
1
1
1
1
1
1
0.999996
0.999519
0.998097
1
1
1
1
1
1
1
1
1
1
1
1
1
1
1
1
1
1
0.999996
0.999519
0.998097
1
1
1
1
1
1
1
1
1
1
1
1
1
1
1
1
1
1
0.999996
0.999519
0.998097
1
1
1
1
1
1
1
1
1
1
1
1
1
1
1
1
1
1
0.999996
0.999519
0.998097
1
1
1
1
1
1
1
1
1
1
1
1
1
1
1
1
1
1
0.999996
0.999519
0.998097
1
1
1
1
1
1
1
1
1
1
1
1
1
1
1
1
1
1
0.999996
0.999519
0.998097
1
1
1
1
1
1
1
1
1
1
1
1
1
1
1
1
1
1
0.999996
0.999519
0.998097
1
1
1
1
1
1
1
1
1
1
1
1
1
1
1
1
1
1
0.999996
0.999519
0.998097
1
1
1
1
1
1
1
1
1
1
1
1
1
1
1
1
1
1
0.999996
0.999519
0.998097
1
1
1
1
1
1
1
1
1
1
1
1
1
1
1
1
1
1
0.999996
0.999519
0.998097
1
1
1
1
1
1
1
1
1
1
1
1
1
1
1
1
1
1
0.999996
0.999519
0.998097
1
1
1
1
1
1
1
1
1
1
1
1
1
1
1
1
1
1
0.999996
0.999519
0.998097
1
1
1
1
1
1
1
1
1
1
1
1
1
1
1
1
1
1
0.999996
0.999519
0.998097
1
1
1
1
1
1
1
1
1
1
1
1
1
1
1
1
1
1
0.999996
0.999519
0.998097
1
1
1
1
1
1
1
1
1
1
1
1
1
1
1
1
1
1
0.999996
0.999519
0.998097
1
1
1
1
1
1
1
1
1
1
1
1
1
1
1
1
1
1
0.999996
0.999519
0.998097
1
1
1
1
1
1
1
1
1
1
1
1
1
1
1
1
1
1
0.999996
0.999519
0.998097
1
1
1
1
1
1
1
1
1
1
1
1
1
1
1
1
1
1
0.999996
0.999519
0.998097
1
1
1
1
1
1
1
1
1
1
1
1
1
1
1
1
1
1
0.999996
0.999519
0.998097
1
1
1
1
1
1
1
1
1
1
1
1
1
1
1
1
1
1
0.999996
0.999519
0.998097
1
1
1
1
1
1
1
1
1
1
1
1
1
1
1
1
1
1
0.999996
0.999519
0.998097
1
1
1
1
1
1
1
1
1
1
1
1
1
1
1
1
1
1
0.999996
0.999519
0.998097
1
1
1
1
1
1
1
1
1
1
1
1
1
1
1
1
1
1
0.999996
0.999519
0.998097
1
1
1
1
1
1
1
1
1
1
1
1
1
1
1
1
1
1
0.999996
0.999519
0.998097
1
1
1
1
1
1
1
1
1
1
1
1
1
1
1
1
1
1
0.999996
0.999519
0.998097
1
1
1
1
1
1
1
1
1
1
1
1
1
1
1
1
1
1
0.999996
0.999519
0.998097
1
1
1
1
1
1
1
1
1
1
1
1
1
1
1
1
1
1
0.999996
0.999519
0.998097
1
1
1
1
1
1
1
1
1
1
1
1
1
1
1
1
1
1
0.999996
0.999519
0.998097
1
1
1
1
1
1
1
1
1
1
1
1
1
1
1
1
1
1
0.999996
0.999519
0.998097
1
1
1
1
1
1
1
1
1
1
1
1
1
1
1
1
1
1
0.999996
0.999519
0.998097
1
1
1
1
1
1
1
1
1
1
1
1
1
1
1
1
1
1
0.999996
0.999519
0.998097
1
1
1
1
1
1
1
1
1
1
1
1
1
1
1
1
1
1
0.999996
0.999519
0.998097
1
1
1
1
1
1
1
1
1
1
1
1
1
1
1
1
1
1
0.999996
0.999519
0.998097
1
1
1
1
1
1
1
1
1
1
1
1
1
1
1
1
1
1
0.999996
0.999519
0.998097
1
1
1
1
1
1
1
1
1
1
1
1
1
1
1
1
1
1
0.999996
0.999519
0.998097
1
1
1
1
1
1
1
1
1
1
1
1
1
1
1
1
1
1
0.999996
0.999519
0.998097
0.992673
0.983247
0.969338
0.950461
0.926146
0.895953
0.859506
0.816517
0.766833
0.710476
0.647704
0.579063
0.505458
0.428211
0.349126
0.270534
0.195321
0.126914
0.0692195
0.0264924
0.00311171
0
0
0
0
0
0
0
0
0
0
0
0
0
0
0
0
0
0
0
0
0
0
0
0
0
0
0
0
0
0.992687
0.983284
0.969403
0.950558
0.926276
0.896118
0.859703
0.816745
0.767087
0.710753
0.647997
0.579365
0.505761
0.428506
0.349405
0.270788
0.19554
0.127091
0.0693483
0.0265696
0.00313687
0
0
0
0
0
0
0
0
0
0
0
0
0
0
0
0
0
0
0
0
0
0
0
0
0
0
0
0
0
0.99273
0.983395
0.9696
0.95085
0.926668
0.89661
0.860294
0.817427
0.76785
0.711582
0.648875
0.580271
0.50667
0.429393
0.350242
0.271548
0.196197
0.127621
0.0697346
0.0268015
0.00321285
0
0
0
0
0
0
0
0
0
0
0
0
0
0
0
0
0
0
0
0
0
0
0
0
0
0
0
0
0
0.992801
0.98358
0.969925
0.951333
0.927318
0.897428
0.861275
0.81856
0.769117
0.712961
0.650335
0.581777
0.508183
0.430869
0.351635
0.272813
0.19729
0.128505
0.0703791
0.0271891
0.00334113
0
0
0
0
0
0
0
0
0
0
0
0
0
0
0
0
0
0
0
0
0
0
0
0
0
0
0
0
0
0.9929
0.983836
0.970377
0.952005
0.928222
0.898568
0.862642
0.82014
0.770885
0.714884
0.652372
0.58388
0.510295
0.432931
0.353582
0.274581
0.19882
0.129742
0.0712823
0.0277339
0.00352407
0
0
0
0
0
0
0
0
0
0
0
0
0
0
0
0
0
0
0
0
0
0
0
0
0
0
0
0
0
0.993026
0.984162
0.970953
0.952862
0.929376
0.901536
0.86632
0.824508
0.773146
0.717344
0.654979
0.586572
0.513001
0.435573
0.356079
0.276851
0.200784
0.131332
0.0724452
0.028438
0.00376491
0
0
0
0
0
0
0
0
0
0
0
0
0
0
0
0
0
0
0
0
0
0
0
0
0
0
0
0
0
0.993177
0.984556
0.971649
0.954862
0.932194
0.903697
0.86893
0.827544
0.779322
0.724225
0.662445
0.59447
0.521144
0.438789
0.35912
0.279616
0.203179
0.133274
0.0738684
0.0293039
0.00406765
0
0
0
0
0
0
0
0
0
0
0
0
0
0
0
0
0
0
0
0
0
0
0
0
0
0
0
0
0
0.993353
0.985013
0.973159
0.956285
0.934123
0.906144
0.871887
0.830985
0.7832
0.728474
0.666982
0.599192
0.525931
0.44846
0.368533
0.288454
0.206003
0.135566
0.0755529
0.0303343
0.00443691
0
0
0
0
0
0
0
0
0
0
0
0
0
0
0
0
0
0
0
0
0
0
0
0
0
0
0
0
0
0.993552
0.985909
0.974211
0.957862
0.936264
0.91042
0.87731
0.837541
0.790833
0.737083
0.676419
0.609263
0.536397
0.459037
0.378896
0.293081
0.215176
0.143321
0.081529
0.0315321
0.00487783
0
0
0
0
0
0
0
0
0
0
0
0
0
0
0
0
0
0
0
0
0
0
0
0
0
0
0
0
0
0.993773
0.986552
0.975355
0.959583
0.939905
0.913768
0.881378
0.842298
0.796221
0.746129
0.686431
0.620036
0.54319
0.465775
0.385377
0.304262
0.225296
0.151954
0.0843162
0.0359978
0.00672583
0
0
0
0
0
0
0
0
0
0
0
0
0
0
0
0
0
0
0
0
0
0
0
0
0
0
0
0
0
0.994014
0.987241
0.976585
0.962367
0.942699
0.917338
0.887563
0.849897
0.80518
0.753226
0.694078
0.628071
0.555903
0.478712
0.398143
0.31642
0.236381
0.156753
0.0919459
0.0411267
0.00755459
0
0
0
0
0
0
0
0
0
0
0
0
0
0
0
0
0
0
0
0
0
0
0
0
0
0
0
0
0
0.992673
0.983247
0.969338
0.950461
0.926146
0.895953
0.859506
0.816517
0.766833
0.710476
0.647704
0.579063
0.505458
0.428211
0.349126
0.270534
0.195321
0.126914
0.0692195
0.0264924
0.00311171
0
0
0
0
0
0
0
0
0
0
0
0
0
0
0
0
0
0
0
0
0
0
0
0
0
0
0
0
0
0.992687
0.983284
0.969403
0.950558
0.926276
0.896118
0.859703
0.816745
0.767087
0.710753
0.647997
0.579365
0.505761
0.428506
0.349405
0.270788
0.19554
0.127091
0.0693483
0.0265696
0.00313687
0
0
0
0
0
0
0
0
0
0
0
0
0
0
0
0
0
0
0
0
0
0
0
0
0
0
0
0
0
0.99273
0.983395
0.9696
0.95085
0.926668
0.89661
0.860294
0.817427
0.76785
0.711582
0.648875
0.580271
0.50667
0.429393
0.350242
0.271548
0.196197
0.127621
0.0697346
0.0268015
0.00321285
0
0
0
0
0
0
0
0
0
0
0
0
0
0
0
0
0
0
0
0
0
0
0
0
0
0
0
0
0
0.992801
0.98358
0.969925
0.951333
0.927318
0.897428
0.861275
0.81856
0.769117
0.712961
0.650335
0.581777
0.508183
0.430869
0.351635
0.272813
0.19729
0.128505
0.0703791
0.0271891
0.00334113
0
0
0
0
0
0
0
0
0
0
0
0
0
0
0
0
0
0
0
0
0
0
0
0
0
0
0
0
0
0.9929
0.983836
0.970377
0.952005
0.928222
0.898568
0.862642
0.82014
0.770885
0.714884
0.652372
0.58388
0.510295
0.432931
0.353582
0.274581
0.19882
0.129742
0.0712823
0.0277339
0.00352407
0
0
0
0
0
0
0
0
0
0
0
0
0
0
0
0
0
0
0
0
0
0
0
0
0
0
0
0
0
0.993026
0.984162
0.970953
0.952862
0.929376
0.901536
0.86632
0.824508
0.773146
0.717344
0.654979
0.586572
0.513001
0.435573
0.356079
0.276851
0.200784
0.131332
0.0724452
0.028438
0.00376491
0
0
0
0
0
0
0
0
0
0
0
0
0
0
0
0
0
0
0
0
0
0
0
0
0
0
0
0
0
0.993177
0.984556
0.971649
0.954862
0.932194
0.903697
0.86893
0.827544
0.779322
0.724225
0.662445
0.59447
0.521144
0.438789
0.35912
0.279616
0.203179
0.133274
0.0738684
0.0293039
0.00406765
0
0
0
0
0
0
0
0
0
0
0
0
0
0
0
0
0
0
0
0
0
0
0
0
0
0
0
0
0
0.993353
0.985013
0.973159
0.956285
0.934123
0.906144
0.871887
0.830985
0.7832
0.728474
0.666982
0.599192
0.525931
0.44846
0.368533
0.288454
0.206003
0.135566
0.0755529
0.0303343
0.00443691
0
0
0
0
0
0
0
0
0
0
0
0
0
0
0
0
0
0
0
0
0
0
0
0
0
0
0
0
0
0.993552
0.985909
0.974211
0.957862
0.936264
0.91042
0.87731
0.837541
0.790833
0.737083
0.676419
0.609263
0.536397
0.459037
0.378896
0.293081
0.215176
0.143321
0.081529
0.0315321
0.00487783
0
0
0
0
0
0
0
0
0
0
0
0
0
0
0
0
0
0
0
0
0
0
0
0
0
0
0
0
0
0.993773
0.986552
0.975355
0.959583
0.939905
0.913768
0.881378
0.842298
0.796221
0.746129
0.686431
0.620036
0.54319
0.465775
0.385377
0.304262
0.225296
0.151954
0.0843162
0.0359978
0.00672583
0
0
0
0
0
0
0
0
0
0
0
0
0
0
0
0
0
0
0
0
0
0
0
0
0
0
0
0
0
0.994014
0.987241
0.976585
0.962367
0.942699
0.917338
0.887563
0.849897
0.80518
0.753226
0.694078
0.628071
0.555903
0.478712
0.398143
0.31642
0.236381
0.156753
0.0919459
0.0411267
0.00755459
0
0
0
0
0
0
0
0
0
0
0
0
0
0
0
0
0
0
0
0
0
0
0
0
0
0
0
0
0
0.996102
0.991155
0.983105
0.97203
0.956285
0.936685
0.910895
0.878946
0.840368
0.797562
0.74556
0.686472
0.620636
0.548755
0.471969
0.391925
0.305494
0.226521
0.153059
0.089155
0.0393032
0.0068424
0
0
0
0
0
0
0
0
0
0
0
0
0
0
0
0
0
0
0
0
0
0
0
0
0
0
0
0
0
0.993001
0.987199
0.978361
0.965784
0.949908
0.928574
0.903138
0.870842
0.832023
0.78635
0.73367
0.67406
0.607897
0.535918
0.4593
0.379728
0.299452
0.221329
0.148829
0.0859795
0.0344143
0.00606305
0
0
0
0
0
0
0
0
0
0
0
0
0
0
0
0
0
0
0
0
0
0
0
0
0
0
0
0
0
0.988993
0.981868
0.972242
0.95895
0.941332
0.920192
0.892842
0.85949
0.822158
0.776372
0.723706
0.664244
0.598365
0.526815
0.450771
0.37192
0.292509
0.215388
0.144011
0.0784813
0.0323024
0.0052231
0
0
0
0
0
0
0
0
0
0
0
0
0
0
0
0
0
0
0
0
0
0
0
0
0
0
0
0
0
0.983131
0.974851
0.964456
0.950451
0.9322
0.90909
0.882292
0.84861
0.808612
0.762006
0.712086
0.652834
0.587323
0.516302
0.440953
0.362962
0.284572
0.208623
0.133989
0.0746956
0.0299518
0.00433474
0
0
0
0
0
0
0
0
0
0
0
0
0
0
0
0
0
0
0
0
0
0
0
0
0
0
0
0
0
0.97588
0.966697
0.954676
0.939976
0.921102
0.897462
0.868501
0.833727
0.795586
0.748947
0.695741
0.636098
0.570445
0.499575
0.424709
0.347569
0.270429
0.196148
0.128167
0.0704519
0.02736
0.002517
0
0
0
0
0
0
0
0
0
0
0
0
0
0
0
0
0
0
0
0
0
0
0
0
0
0
0
0
0
0.966046
0.955732
0.942541
0.927184
0.907715
0.883569
0.854213
0.819173
0.778071
0.730661
0.680744
0.621481
0.556399
0.486296
0.412399
0.336428
0.260651
0.187911
0.121628
0.0657307
0.0221742
0.00176517
0
0
0
0
0
0
0
0
0
0
0
0
0
0
0
0
0
0
0
0
0
0
0
0
0
0
0
0
0
0.953473
0.942026
0.92903
0.911699
0.891681
0.867074
0.837369
0.802115
0.760952
0.713652
0.660167
0.600684
0.540308
0.471135
0.398392
0.323798
0.249611
0.178659
0.109937
0.0571178
0.0193722
0.00106799
0
0
0
0
0
0
0
0
0
0
0
0
0
0
0
0
0
0
0
0
0
0
0
0
0
0
0
0
0
0.938808
0.926633
0.91157
0.893121
0.87262
0.847615
0.817627
0.782233
0.741094
0.694004
0.640932
0.582081
0.517944
0.449373
0.377639
0.304499
0.232237
0.163692
0.102244
0.0517498
0.0163993
0.000485041
0
0
0
0
0
0
0
0
0
0
0
0
0
0
0
0
0
0
0
0
0
0
0
0
0
0
0
0
0
0.919904
0.906697
0.890562
0.872951
0.850128
0.824811
0.794632
0.759195
0.718191
0.671436
0.618922
0.560868
0.497784
0.430529
0.360381
0.28909
0.218929
0.152711
0.0937798
0.045939
0.0133097
9.77282e-05
0
0
0
0
0
0
0
0
0
0
0
0
0
0
0
0
0
0
0
0
0
0
0
0
0
0
0
0
0
0.896909
0.882713
0.86754
0.847566
0.823793
0.798271
0.768015
0.732661
0.691929
0.645664
0.593882
0.536824
0.475015
0.409327
0.34104
0.271901
0.204165
0.140618
0.0845616
0.0397364
0.010185
0
0
0
0
0
0
0
0
0
0
0
0
0
0
0
0
0
0
0
0
0
0
0
0
0
0
0
0
0
0
0.869332
0.856236
0.83871
0.81784
0.793206
0.767611
0.737418
0.7023
0.662008
0.616419
0.565577
0.509746
0.449471
0.385635
0.319522
0.252873
0.187925
0.127432
0.0746423
0.0332287
0.00714306
0
0
0
0
0
0
0
0
0
0
0
0
0
0
0
0
0
0
0
0
0
0
0
0
0
0
0
0
0
0
0.836692
0.823346
0.805016
0.783355
0.761196
0.732467
0.702505
0.667804
0.628153
0.583461
0.533801
0.479466
0.42102
0.35936
0.295774
0.231994
0.170236
0.113215
0.0641223
0.0265499
0.00434746
0
0
0
0
0
0
0
0
0
0
0
0
0
0
0
0
0
0
0
0
0
0
0
0
0
0
0
0
0
0
0.80112
0.785073
0.766056
0.746916
0.721695
0.692527
0.662991
0.628921
0.590143
0.546603
0.498407
0.445875
0.389594
0.330474
0.269807
0.209315
0.151189
0.0980972
0.0531651
0.0198948
0.0020197
0
0
0
0
0
0
0
0
0
0
0
0
0
0
0
0
0
0
0
0
0
0
0
0
0
0
0
0
0
0
0.757662
0.74106
0.721505
0.702533
0.676956
0.647562
0.618673
0.585477
0.547841
0.505745
0.459331
0.408949
0.355208
0.299034
0.241719
0.184975
0.130959
0.0822891
0.0420148
0.0135353
0.000453003
0
0
0
0
0
0
0
0
0
0
0
0
0
0
0
0
0
0
0
0
0
0
0
0
0
0
0
0
0
0
0.708068
0.691067
0.671155
0.652534
0.626828
0.601909
0.569474
0.537427
0.501231
0.460908
0.416632
0.368786
0.318002
0.265218
0.211729
0.159226
0.109835
0.0661111
0.0310178
0.00783829
0
0
0
0
0
0
0
0
0
0
0
0
0
0
0
0
0
0
0
0
0
0
0
0
0
0
0
0
0
0
0
0.652232
0.635021
0.619193
0.5969
0.571338
0.547347
0.515494
0.484897
0.450474
0.412283
0.370539
0.325651
0.278276
0.229363
0.180205
0.132473
0.0882478
0.0500179
0.0206468
0.00328716
0
0
0
0
0
0
0
0
0
0
0
0
0
0
0
0
0
0
0
0
0
0
0
0
0
0
0
0
0
0
0
0.590282
0.573086
0.557865
0.535851
0.510753
0.487957
0.457072
0.42825
0.395958
0.360291
0.321499
0.280023
0.23654
0.192009
0.147715
0.105305
0.0668068
0.0346304
0.0115273
0.000503645
0
0
0
0
0
0
0
0
0
0
0
0
0
0
0
0
0
0
0
0
0
0
0
0
0
0
0
0
0
0
0
0.522659
0.505741
0.49133
0.469921
0.450798
0.424338
0.394856
0.368156
0.338372
0.305642
0.270248
0.232659
0.193572
0.153951
0.11507
0.0785419
0.046335
0.0207677
0.00446539
0
0
0
0
0
0
0
0
0
0
0
0
0
0
0
0
0
0
0
0
0
0
0
0
0
0
0
0
0
0
0
0
0.450207
0.433868
0.420481
0.400044
0.382422
0.35748
0.329886
0.305663
0.278781
0.249411
0.21787
0.184654
0.150473
0.116294
0.0833722
0.0532777
0.0279089
0.00947968
0.000473365
0
0
0
0
0
0
0
0
0
0
0
0
0
0
0
0
0
0
0
0
0
0
0
0
0
0
0
0
0
0
0
0
0.369006
0.358855
0.346708
0.32765
0.311802
0.288857
0.269055
0.242289
0.218697
0.19311
0.165874
0.137507
0.108731
0.0805073
0.0540642
0.0309208
0.0128926
0.0020744
0
0
0
0
0
0
0
0
0
0
0
0
0
0
0
0
0
0
0
0
0
0
0
0
0
0
0
0
0
0
0
0
0
0.29166
0.282691
0.266675
0.254758
0.240951
0.220512
0.203485
0.18009
0.160161
0.138758
0.116253
0.0931814
0.0702706
0.0484684
0.0289685
0.0132268
0.00296211
0
0
0
0
0
0
0
0
0
0
0
0
0
0
0
0
0
0
0
0
0
0
0
0
0
0
0
0
0
0
0
0
0
0
0.215672
0.208058
0.194051
0.184056
0.167603
0.15513
0.136453
0.121728
0.105799
0.0889355
0.0715349
0.0541444
0.0374886
0.0224938
0.010308
0.00231099
0
0
0
0
0
0
0
0
0
0
0
0
0
0
0
0
0
0
0
0
0
0
0
0
0
0
0
0
0
0
0
0
0
0
0
0.144498
0.138394
0.126842
0.118961
0.105698
0.0960826
0.0814846
0.0705023
0.058843
0.0468034
0.0347973
0.0233776
0.0132582
0.00533367
0.000694004
0
0
0
0
0
0
0
0
0
0
0
0
0
0
0
0
0
0
0
0
0
0
0
0
0
0
0
0
0
0
0
0
0
0
0
0
0.0823751
0.0741077
0.0692339
0.0636139
0.0540086
0.0474153
0.0373892
0.0303228
0.0231109
0.0160712
0.00962831
0.00433254
0.000877408
0
0
0
0
0
0
0
0
0
0
0
0
0
0
0
0
0
0
0
0
0
0
0
0
0
0
0
0
0
0
0
0
0
0
0
0
0
0
0.0314861
0.0289778
0.0260723
0.0205239
0.017243
0.0137535
0.00869007
0.00560137
0.00288705
0.000879142
5.57495e-06
0
0
0
0
0
0
0
0
0
0
0
0
0
0
0
0
0
0
0
0
0
0
0
0
0
0
0
0
0
0
0
0
0
0
0
0
0
0
0
0
0.00445323
0.00358321
0.00185978
0.00112682
0.0004942
2.13393e-07
0
0
0
0
0
0
0
0
0
0
0
0
0
0
0
0
0
0
0
0
0
0
0
0
0
0
0
0
0
0
0
0
0
0
0
0
0
0
0
0
0
0
0
0
0
0
0
0
0
0
0
0
0
0
0
0
0
0
0
0
0
0
0
0
0
0
0
0
0
0
0
0
0
0
0
0
0
0
0
0
0
0
0
0
0
0
0
0
0
0
0
0
0
0
0
0
0
0
0
0
0
0
0
0
0
0
0
0
0
0
0
0
0
0
0
0
0
0
0
0
0
0
0
0
0
0
0
0
0
0
0
0
0
0
0
0
0
0
0
0
0
0
0
0
0
0
0
0
0
0
0
0
0
0
0
0
0
0
0
0
0
0
0
0
0
0
0
0
0
0
0
0
0
0
0
0
0
0
0
0
0
0
0
0
0
0
0
0
0
0
0
0
0
0
0
0
0
0
0
0
0
0
0
0
0
0
0
0
0
0
0
0
0
0
0
0
0
0
0
0
0
0
0
0
0
0
0
0
0
0
0
0
0
0
0
0
0
0
0
0
0
0
0
0
0
0
0
0
0
0
0
0
0
0
0
0
0
0
0
0
0
0
0
0
0
0
0
0
0
0
0
0
0
0
0
0
0
0
0
0
0
0
0
0
0
0
0
0
0
0
0
0
0
0
0
0
0
0
0
0
0
0
0
0
0
0
0
0
0
0
0
0
0
0
0
0
0
0
0
0
0
0
0
0
0
0
0
0
0
0
0
0
0
0
0
0
0
0
0
0
0
0
0
0
0
0
0
0
0
0
0
0
0
0
0
0
0
0
0
0
0
0
0
0
0
0
0
0
0
0
0
0
0
0
0
0
0
0
0
0
0
0
0
0
0
0
0
0
0
0
0
0
0
0
0
0
0
0
0
0
0
0
0
0
0
0
0
0
0
0
0
0
0
0
0
0
0
0
0
0
0
0
0
0
0
0
0
0
0
0
0
0
0
0
0
0
0
0
0
0
0
0
0
0
0
0
0
0
0
0
0
0
0
0
0
0
0
0
0
0
0
0
0
0
0
0
0
0
0
0
0
0
0
0
0
0
0
0
0
0
0
0
0
0
0
0
0
0
0
0
0
0
0
0
0
0
0
0
0
0
0
0
0
0
0
0
0
0
0
0
0
0
0
0
0
0
0
0
0
0
0
0
0
0
0
0
0
0
0
0
0
0
0
0
0
0
0
0
0
0
0
0
0
0
0
0
0
0
0
0
0
0
0
0
0
0
0
0
0
0
0
0
0
0
0
0
0
0
0
0
0
0
0
0
0
0
0
0
0
0
0
0
0
0
0
0
0
0
0
0
0
0
0
0
0
0
0
0
0
0
0
0
0
0
0
0
0
0
0
0
0
0
0
0
0
0
0
0
0
0
0
0
0
0
0
0
0
0
0
0
0
0
0
0
0
0
0
0
0
0
0
0
0
0
0
0
0
0
0
0
0
0
0
0
0
0
0
0
0
0
0
0
0
0
0
0
0
0
0
0
0
0
0
0
0
0
0
0
0
0
0
0
0
0
0
0
0
0
0
0
0
0
0
0
0
0
0
0
0
0
0
0
0
0
0
0
0
0
0
0
0
0
0
0
0
0
0
0
0
0
0
0
0
0
0
0
0
0
0
0
0
0
0
0
0
0
0
0
0
0
0
0
0
0
0
0
0
0
0
0
0
0
0
0
0
0
0
0
0
0.996102
0.991155
0.983105
0.97203
0.956285
0.936685
0.910895
0.878946
0.840368
0.797562
0.74556
0.686472
0.620636
0.548755
0.471969
0.391925
0.305494
0.226521
0.153059
0.089155
0.0393032
0.0068424
0
0
0
0
0
0
0
0
0
0
0
0
0
0
0
0
0
0
0
0
0
0
0
0
0
0
0
0
0
0.993001
0.987199
0.978361
0.965784
0.949908
0.928574
0.903138
0.870842
0.832023
0.78635
0.73367
0.67406
0.607897
0.535918
0.4593
0.379728
0.299452
0.221329
0.148829
0.0859795
0.0344143
0.00606305
0
0
0
0
0
0
0
0
0
0
0
0
0
0
0
0
0
0
0
0
0
0
0
0
0
0
0
0
0
0.988993
0.981868
0.972242
0.95895
0.941332
0.920192
0.892842
0.85949
0.822158
0.776372
0.723706
0.664244
0.598365
0.526815
0.450771
0.37192
0.292509
0.215388
0.144011
0.0784813
0.0323024
0.0052231
0
0
0
0
0
0
0
0
0
0
0
0
0
0
0
0
0
0
0
0
0
0
0
0
0
0
0
0
0
0.983131
0.974851
0.964456
0.950451
0.9322
0.90909
0.882292
0.84861
0.808612
0.762006
0.712086
0.652834
0.587323
0.516302
0.440953
0.362962
0.284572
0.208623
0.133989
0.0746956
0.0299518
0.00433474
0
0
0
0
0
0
0
0
0
0
0
0
0
0
0
0
0
0
0
0
0
0
0
0
0
0
0
0
0
0.97588
0.966697
0.954676
0.939976
0.921102
0.897462
0.868501
0.833727
0.795586
0.748947
0.695741
0.636098
0.570445
0.499575
0.424709
0.347569
0.270429
0.196148
0.128167
0.0704519
0.02736
0.002517
0
0
0
0
0
0
0
0
0
0
0
0
0
0
0
0
0
0
0
0
0
0
0
0
0
0
0
0
0
0.966046
0.955732
0.942541
0.927184
0.907715
0.883569
0.854213
0.819173
0.778071
0.730661
0.680744
0.621481
0.556399
0.486296
0.412399
0.336428
0.260651
0.187911
0.121628
0.0657307
0.0221742
0.00176517
0
0
0
0
0
0
0
0
0
0
0
0
0
0
0
0
0
0
0
0
0
0
0
0
0
0
0
0
0
0.953473
0.942026
0.92903
0.911699
0.891681
0.867074
0.837369
0.802115
0.760952
0.713652
0.660167
0.600684
0.540308
0.471135
0.398392
0.323798
0.249611
0.178659
0.109937
0.0571178
0.0193722
0.00106799
0
0
0
0
0
0
0
0
0
0
0
0
0
0
0
0
0
0
0
0
0
0
0
0
0
0
0
0
0
0.938808
0.926633
0.91157
0.893121
0.87262
0.847615
0.817627
0.782233
0.741094
0.694004
0.640932
0.582081
0.517944
0.449373
0.377639
0.304499
0.232237
0.163692
0.102244
0.0517498
0.0163993
0.000485041
0
0
0
0
0
0
0
0
0
0
0
0
0
0
0
0
0
0
0
0
0
0
0
0
0
0
0
0
0
0.919904
0.906697
0.890562
0.872951
0.850128
0.824811
0.794632
0.759195
0.718191
0.671436
0.618922
0.560868
0.497784
0.430529
0.360381
0.28909
0.218929
0.152711
0.0937798
0.045939
0.0133097
9.77282e-05
0
0
0
0
0
0
0
0
0
0
0
0
0
0
0
0
0
0
0
0
0
0
0
0
0
0
0
0
0
0.896909
0.882713
0.86754
0.847566
0.823793
0.798271
0.768015
0.732661
0.691929
0.645664
0.593882
0.536824
0.475015
0.409327
0.34104
0.271901
0.204165
0.140618
0.0845616
0.0397364
0.010185
0
0
0
0
0
0
0
0
0
0
0
0
0
0
0
0
0
0
0
0
0
0
0
0
0
0
0
0
0
0
0.869332
0.856236
0.83871
0.81784
0.793206
0.767611
0.737418
0.7023
0.662008
0.616419
0.565577
0.509746
0.449471
0.385635
0.319522
0.252873
0.187925
0.127432
0.0746423
0.0332287
0.00714306
0
0
0
0
0
0
0
0
0
0
0
0
0
0
0
0
0
0
0
0
0
0
0
0
0
0
0
0
0
0
0.836692
0.823346
0.805016
0.783355
0.761196
0.732467
0.702505
0.667804
0.628153
0.583461
0.533801
0.479466
0.42102
0.35936
0.295774
0.231994
0.170236
0.113215
0.0641223
0.0265499
0.00434746
0
0
0
0
0
0
0
0
0
0
0
0
0
0
0
0
0
0
0
0
0
0
0
0
0
0
0
0
0
0
0.80112
0.785073
0.766056
0.746916
0.721695
0.692527
0.662991
0.628921
0.590143
0.546603
0.498407
0.445875
0.389594
0.330474
0.269807
0.209315
0.151189
0.0980972
0.0531651
0.0198948
0.0020197
0
0
0
0
0
0
0
0
0
0
0
0
0
0
0
0
0
0
0
0
0
0
0
0
0
0
0
0
0
0
0.757662
0.74106
0.721505
0.702533
0.676956
0.647562
0.618673
0.585477
0.547841
0.505745
0.459331
0.408949
0.355208
0.299034
0.241719
0.184975
0.130959
0.0822891
0.0420148
0.0135353
0.000453003
0
0
0
0
0
0
0
0
0
0
0
0
0
0
0
0
0
0
0
0
0
0
0
0
0
0
0
0
0
0
0.708068
0.691067
0.671155
0.652534
0.626828
0.601909
0.569474
0.537427
0.501231
0.460908
0.416632
0.368786
0.318002
0.265218
0.211729
0.159226
0.109835
0.0661111
0.0310178
0.00783829
0
0
0
0
0
0
0
0
0
0
0
0
0
0
0
0
0
0
0
0
0
0
0
0
0
0
0
0
0
0
0
0.652232
0.635021
0.619193
0.5969
0.571338
0.547347
0.515494
0.484897
0.450474
0.412283
0.370539
0.325651
0.278276
0.229363
0.180205
0.132473
0.0882478
0.0500179
0.0206468
0.00328716
0
0
0
0
0
0
0
0
0
0
0
0
0
0
0
0
0
0
0
0
0
0
0
0
0
0
0
0
0
0
0
0.590282
0.573086
0.557865
0.535851
0.510753
0.487957
0.457072
0.42825
0.395958
0.360291
0.321499
0.280023
0.23654
0.192009
0.147715
0.105305
0.0668068
0.0346304
0.0115273
0.000503645
0
0
0
0
0
0
0
0
0
0
0
0
0
0
0
0
0
0
0
0
0
0
0
0
0
0
0
0
0
0
0
0.522659
0.505741
0.49133
0.469921
0.450798
0.424338
0.394856
0.368156
0.338372
0.305642
0.270248
0.232659
0.193572
0.153951
0.11507
0.0785419
0.046335
0.0207677
0.00446539
0
0
0
0
0
0
0
0
0
0
0
0
0
0
0
0
0
0
0
0
0
0
0
0
0
0
0
0
0
0
0
0
0.450207
0.433868
0.420481
0.400044
0.382422
0.35748
0.329886
0.305663
0.278781
0.249411
0.21787
0.184654
0.150473
0.116294
0.0833722
0.0532777
0.0279089
0.00947968
0.000473365
0
0
0
0
0
0
0
0
0
0
0
0
0
0
0
0
0
0
0
0
0
0
0
0
0
0
0
0
0
0
0
0
0.369006
0.358855
0.346708
0.32765
0.311802
0.288857
0.269055
0.242289
0.218697
0.19311
0.165874
0.137507
0.108731
0.0805073
0.0540642
0.0309208
0.0128926
0.0020744
0
0
0
0
0
0
0
0
0
0
0
0
0
0
0
0
0
0
0
0
0
0
0
0
0
0
0
0
0
0
0
0
0
0.29166
0.282691
0.266675
0.254758
0.240951
0.220512
0.203485
0.18009
0.160161
0.138758
0.116253
0.0931814
0.0702706
0.0484684
0.0289685
0.0132268
0.00296211
0
0
0
0
0
0
0
0
0
0
0
0
0
0
0
0
0
0
0
0
0
0
0
0
0
0
0
0
0
0
0
0
0
0
0.215672
0.208058
0.194051
0.184056
0.167603
0.15513
0.136453
0.121728
0.105799
0.0889355
0.0715349
0.0541444
0.0374886
0.0224938
0.010308
0.00231099
0
0
0
0
0
0
0
0
0
0
0
0
0
0
0
0
0
0
0
0
0
0
0
0
0
0
0
0
0
0
0
0
0
0
0
0.144498
0.138394
0.126842
0.118961
0.105698
0.0960826
0.0814846
0.0705023
0.058843
0.0468034
0.0347973
0.0233776
0.0132582
0.00533367
0.000694004
0
0
0
0
0
0
0
0
0
0
0
0
0
0
0
0
0
0
0
0
0
0
0
0
0
0
0
0
0
0
0
0
0
0
0
0
0.0823751
0.0741077
0.0692339
0.0636139
0.0540086
0.0474153
0.0373892
0.0303228
0.0231109
0.0160712
0.00962831
0.00433254
0.000877408
0
0
0
0
0
0
0
0
0
0
0
0
0
0
0
0
0
0
0
0
0
0
0
0
0
0
0
0
0
0
0
0
0
0
0
0
0
0
0.0314861
0.0289778
0.0260723
0.0205239
0.017243
0.0137535
0.00869007
0.00560137
0.00288705
0.000879142
5.57495e-06
0
0
0
0
0
0
0
0
0
0
0
0
0
0
0
0
0
0
0
0
0
0
0
0
0
0
0
0
0
0
0
0
0
0
0
0
0
0
0
0
0.00445323
0.00358321
0.00185978
0.00112682
0.0004942
2.13393e-07
0
0
0
0
0
0
0
0
0
0
0
0
0
0
0
0
0
0
0
0
0
0
0
0
0
0
0
0
0
0
0
0
0
0
0
0
0
0
0
0
0
0
0
0
0
0
0
0
0
0
0
0
0
0
0
0
0
0
0
0
0
0
0
0
0
0
0
0
0
0
0
0
0
0
0
0
0
0
0
0
0
0
0
0
0
0
0
0
0
0
0
0
0
0
0
0
0
0
0
0
0
0
0
0
0
0
0
0
0
0
0
0
0
0
0
0
0
0
0
0
0
0
0
0
0
0
0
0
0
0
0
0
0
0
0
0
0
0
0
0
0
0
0
0
0
0
0
0
0
0
0
0
0
0
0
0
0
0
0
0
0
0
0
0
0
0
0
0
0
0
0
0
0
0
0
0
0
0
0
0
0
0
0
0
0
0
0
0
0
0
0
0
0
0
0
0
0
0
0
0
0
0
0
0
0
0
0
0
0
0
0
0
0
0
0
0
0
0
0
0
0
0
0
0
0
0
0
0
0
0
0
0
0
0
0
0
0
0
0
0
0
0
0
0
0
0
0
0
0
0
0
0
0
0
0
0
0
0
0
0
0
0
0
0
0
0
0
0
0
0
0
0
0
0
0
0
0
0
0
0
0
0
0
0
0
0
0
0
0
0
0
0
0
0
0
0
0
0
0
0
0
0
0
0
0
0
0
0
0
0
0
0
0
0
0
0
0
0
0
0
0
0
0
0
0
0
0
0
0
0
0
0
0
0
0
0
0
0
0
0
0
0
0
0
0
0
0
0
0
0
0
0
0
0
0
0
0
0
0
0
0
0
0
0
0
0
0
0
0
0
0
0
0
0
0
0
0
0
0
0
0
0
0
0
0
0
0
0
0
0
0
0
0
0
0
0
0
0
0
0
0
0
0
0
0
0
0
0
0
0
0
0
0
0
0
0
0
0
0
0
0
0
0
0
0
0
0
0
0
0
0
0
0
0
0
0
0
0
0
0
0
0
0
0
0
0
0
0
0
0
0
0
0
0
0
0
0
0
0
0
0
0
0
0
0
0
0
0
0
0
0
0
0
0
0
0
0
0
0
0
0
0
0
0
0
0
0
0
0
0
0
0
0
0
0
0
0
0
0
0
0
0
0
0
0
0
0
0
0
0
0
0
0
0
0
0
0
0
0
0
0
0
0
0
0
0
0
0
0
0
0
0
0
0
0
0
0
0
0
0
0
0
0
0
0
0
0
0
0
0
0
0
0
0
0
0
0
0
0
0
0
0
0
0
0
0
0
0
0
0
0
0
0
0
0
0
0
0
0
0
0
0
0
0
0
0
0
0
0
0
0
0
0
0
0
0
0
0
0
0
0
0
0
0
0
0
0
0
0
0
0
0
0
0
0
0
0
0
0
0
0
0
0
0
0
0
0
0
0
0
0
0
0
0
0
0
0
0
0
0
0
0
0
0
0
0
0
0
0
0
0
0
0
0
0
0
0
0
0
0
0
0
0
0
0
0
0
0
0
0
0
0
0
0
0
0
0
0
0
0
0
0
0
0
0
0
0
0
0
0
0
0
0
0
0
0
0
0
0
0
0
0
0
0
0
0
0
0
0
0
0
0
0
0
0
0
0
0
0
0
0
0
0
0
0
0
0
0
0
0
0
0
0
0
0
0
0
0
0
0
0
0
0
0
0
0
0
0
0
0
0
0
0
0
0
0
0
0
0
0.995316
0.995325
0.99535
0.995392
0.99545
0.995524
0.995612
0.995716
0.995832
0.995961
0.991029
0.99105
0.991114
0.991219
0.991366
0.991552
0.991776
0.992035
0.992328
0.992651
0.984988
0.985026
0.985139
0.985327
0.985588
0.985919
0.986317
0.986778
0.987671
0.988311
0.976922
0.976979
0.977151
0.977436
0.977832
0.978335
0.97894
0.980208
0.98111
0.982087
0.96653
0.966609
0.966847
0.967241
0.967789
0.968485
0.970043
0.971183
0.97244
0.973806
0.953486
0.95359
0.953899
0.954411
0.955123
0.95683
0.958154
0.959646
0.961295
0.96393
0.937441
0.937569
0.937953
0.93859
0.939475
0.941689
0.943345
0.945213
0.948288
0.950806
0.918022
0.918176
0.918636
0.9194
0.920463
0.923217
0.925218
0.927477
0.931408
0.934468
0.894846
0.895025
0.895561
0.896452
0.897692
0.901007
0.903358
0.907482
0.910846
0.914461
0.867521
0.867725
0.868335
0.869348
0.870759
0.874648
0.877343
0.882275
0.886151
0.891997
0.835667
0.835894
0.836573
0.837701
0.839272
0.84373
0.846756
0.8525
0.856872
0.863765
0.798931
0.799178
0.799919
0.801149
0.802864
0.807873
0.811204
0.817743
0.822579
0.830507
0.75701
0.757274
0.758067
0.759383
0.761218
0.766743
0.770342
0.777634
0.782886
0.791804
0.709688
0.709965
0.710797
0.712178
0.714104
0.720091
0.723909
0.731884
0.737485
0.747313
0.656874
0.657159
0.658014
0.659435
0.661417
0.667789
0.671763
0.680324
0.686186
0.696807
0.598652
0.598939
0.599799
0.60123
0.603226
0.605778
0.613943
0.622956
0.628976
0.640227
0.535343
0.535625
0.536471
0.537879
0.539842
0.542353
0.550722
0.560023
0.566075
0.577752
0.467576
0.467847
0.468657
0.470004
0.471884
0.474291
0.482687
0.492076
0.498022
0.509874
0.396367
0.396618
0.39737
0.39862
0.400366
0.402601
0.410821
0.415025
0.425752
0.437485
0.323199
0.323424
0.324096
0.325214
0.326774
0.328773
0.33659
0.340438
0.350699
0.361982
0.250112
0.250303
0.250876
0.25183
0.25316
0.254865
0.256938
0.265413
0.274884
0.285354
0.179766
0.179919
0.180378
0.181141
0.182207
0.183572
0.185234
0.192655
0.200999
0.205226
0.115484
0.115597
0.115933
0.116493
0.117274
0.118276
0.119495
0.125576
0.12794
0.135789
0.0612506
0.0613222
0.0615369
0.0618942
0.0623935
0.0630336
0.063813
0.0647298
0.0699095
0.0757795
0.0216165
0.0216515
0.0217567
0.021932
0.022177
0.0224915
0.022875
0.0233268
0.0264439
0.0300688
0.00150452
0.00151145
0.00153227
0.00156715
0.0016163
0.00168002
0.00175868
0.00185263
0.00196226
0.0030345
0
0
0
0
0
0
0
0
0
0
0
0
0
0
0
0
0
0
0
0
0
0
0
0
0
0
0
0
0
0
0
0
0
0
0
0
0
0
0
0
0
0
0
0
0
0
0
0
0
0
0
0
0
0
0
0
0
0
0
0
0
0
0
0
0
0
0
0
0
0
0
0
0
0
0
0
0
0
0
0
0
0
0
0
0
0
0
0
0
0
0
0
0
0
0
0
0
0
0
0
0
0
0
0
0
0
0
0
0
0
0
0
0
0
0
0
0
0
0
0
0
0
0
0
0
0
0
0
0
0
0
0
0
0
0
0
0
0
0
0
0.995316
0.995325
0.99535
0.995392
0.99545
0.995524
0.995612
0.995716
0.995832
0.995961
0.991029
0.99105
0.991114
0.991219
0.991366
0.991552
0.991776
0.992035
0.992328
0.992651
0.984988
0.985026
0.985139
0.985327
0.985588
0.985919
0.986317
0.986778
0.987671
0.988311
0.976922
0.976979
0.977151
0.977436
0.977832
0.978335
0.97894
0.980208
0.98111
0.982087
0.96653
0.966609
0.966847
0.967241
0.967789
0.968485
0.970043
0.971183
0.97244
0.973806
0.953486
0.95359
0.953899
0.954411
0.955123
0.95683
0.958154
0.959646
0.961295
0.96393
0.937441
0.937569
0.937953
0.93859
0.939475
0.941689
0.943345
0.945213
0.948288
0.950806
0.918022
0.918176
0.918636
0.9194
0.920463
0.923217
0.925218
0.927477
0.931408
0.934468
0.894846
0.895025
0.895561
0.896452
0.897692
0.901007
0.903358
0.907482
0.910846
0.914461
0.867521
0.867725
0.868335
0.869348
0.870759
0.874648
0.877343
0.882275
0.886151
0.891997
0.835667
0.835894
0.836573
0.837701
0.839272
0.84373
0.846756
0.8525
0.856872
0.863765
0.798931
0.799178
0.799919
0.801149
0.802864
0.807873
0.811204
0.817743
0.822579
0.830507
0.75701
0.757274
0.758067
0.759383
0.761218
0.766743
0.770342
0.777634
0.782886
0.791804
0.709688
0.709965
0.710797
0.712178
0.714104
0.720091
0.723909
0.731884
0.737485
0.747313
0.656874
0.657159
0.658014
0.659435
0.661417
0.667789
0.671763
0.680324
0.686186
0.696807
0.598652
0.598939
0.599799
0.60123
0.603226
0.605778
0.613943
0.622956
0.628976
0.640227
0.535343
0.535625
0.536471
0.537879
0.539842
0.542353
0.550722
0.560023
0.566075
0.577752
0.467576
0.467847
0.468657
0.470004
0.471884
0.474291
0.482687
0.492076
0.498022
0.509874
0.396367
0.396618
0.39737
0.39862
0.400366
0.402601
0.410821
0.415025
0.425752
0.437485
0.323199
0.323424
0.324096
0.325214
0.326774
0.328773
0.33659
0.340438
0.350699
0.361982
0.250112
0.250303
0.250876
0.25183
0.25316
0.254865
0.256938
0.265413
0.274884
0.285354
0.179766
0.179919
0.180378
0.181141
0.182207
0.183572
0.185234
0.192655
0.200999
0.205226
0.115484
0.115597
0.115933
0.116493
0.117274
0.118276
0.119495
0.125576
0.12794
0.135789
0.0612506
0.0613222
0.0615369
0.0618942
0.0623935
0.0630336
0.063813
0.0647298
0.0699095
0.0757795
0.0216165
0.0216515
0.0217567
0.021932
0.022177
0.0224915
0.022875
0.0233268
0.0264439
0.0300688
0.00150452
0.00151145
0.00153227
0.00156715
0.0016163
0.00168002
0.00175868
0.00185263
0.00196226
0.0030345
0
0
0
0
0
0
0
0
0
0
0
0
0
0
0
0
0
0
0
0
0
0
0
0
0
0
0
0
0
0
0
0
0
0
0
0
0
0
0
0
0
0
0
0
0
0
0
0
0
0
0
0
0
0
0
0
0
0
0
0
0
0
0
0
0
0
0
0
0
0
0
0
0
0
0
0
0
0
0
0
0
0
0
0
0
0
0
0
0
0
0
0
0
0
0
0
0
0
0
0
0
0
0
0
0
0
0
0
0
0
0
0
0
0
0
0
0
0
0
0
0
0
0
0
0
0
0
0
0
0
0
0
0
0
0
0
0
0
0
0
1
1
1
1
1
1
1
1
1
1
1
1
1
1
1
1
1
1
1
1
1
1
1
1
1
1
1
1
1
1
1
1
1
1
1
1
1
1
1
1
1
1
1
1
1
1
1
1
1
1
1
1
1
1
1
1
1
1
1
1
1
1
1
1
1
1
1
1
1
1
1
1
1
1
1
1
1
1
1
1
1
1
1
1
1
1
1
1
1
1
1
1
1
1
1
1
1
1
1
1
1
1
1
1
1
1
1
1
1
1
1
1
1
1
1
1
1
1
1
1
1
1
1
1
1
1
1
1
1
1
1
1
1
1
1
1
1
1
1
1
1
1
1
1
1
1
1
1
1
1
1
1
1
1
1
1
1
1
1
1
1
1
1
1
1
1
1
1
1
1
1
1
1
1
1
1
1
1
1
1
0.999996
0.999996
0.999996
0.999996
0.999996
0.999996
0.999996
0.999996
0.999996
0.999996
0.999519
0.999519
0.999519
0.999519
0.999519
0.999519
0.999519
0.999519
0.999519
0.999519
0.998097
0.998097
0.998097
0.998097
0.998097
0.998097
0.998097
0.998097
0.998097
0.998097
1
1
1
1
1
1
1
1
1
1
1
1
1
1
1
1
1
1
1
1
1
1
1
1
1
1
1
1
1
1
1
1
1
1
1
1
1
1
1
1
1
1
1
1
1
1
1
1
1
1
1
1
1
1
1
1
1
1
1
1
1
1
1
1
1
1
1
1
1
1
1
1
1
1
1
1
1
1
1
1
1
1
1
1
1
1
1
1
1
1
1
1
1
1
1
1
1
1
1
1
1
1
1
1
1
1
1
1
1
1
1
1
1
1
1
1
1
1
1
1
1
1
1
1
1
1
1
1
1
1
1
1
1
1
1
1
1
1
1
1
1
1
1
1
1
1
1
1
1
1
1
1
1
1
1
1
1
1
1
1
1
1
1
1
1
1
1
1
1
1
1
1
1
1
1
1
1
1
1
1
0.999996
0.999996
0.999996
0.999996
0.999996
0.999996
0.999996
0.999996
0.999996
0.999996
0.999519
0.999519
0.999519
0.999519
0.999519
0.999519
0.999519
0.999519
0.999519
0.999519
0.998097
0.998097
0.998097
0.998097
0.998097
0.998097
0.998097
0.998097
0.998097
0.998097
1
1
1
1
1
1
1
1
1
1
1
1
1
1
1
1
1
1
1
1
1
1
1
1
1
1
1
1
1
1
1
1
1
1
1
1
1
1
1
1
1
1
1
1
1
1
1
1
1
1
1
1
1
1
1
1
1
1
1
1
1
1
1
1
1
1
1
1
1
1
1
1
1
1
1
1
1
1
1
1
1
1
1
1
1
1
1
1
1
1
1
1
1
1
1
1
1
1
1
1
1
1
1
1
1
1
1
1
1
1
1
1
1
1
1
1
1
1
1
1
1
1
1
1
1
1
1
1
1
1
1
1
1
1
1
1
1
1
1
1
1
1
1
1
1
1
1
1
1
1
1
1
1
1
1
1
1
1
1
1
1
1
1
1
1
1
1
1
1
1
1
1
1
1
1
1
1
1
1
1
0.999996
0.999996
0.999996
0.999996
0.999996
0.999996
0.999996
0.999996
0.999996
0.999996
0.999519
0.999519
0.999519
0.999519
0.999519
0.999519
0.999519
0.999519
0.999519
0.999519
0.998097
0.998097
0.998097
0.998097
0.998097
0.998097
0.998097
0.998097
0.998097
0.998097
1
1
1
1
1
1
1
1
1
1
1
1
1
1
1
1
1
1
1
1
1
1
1
1
1
1
1
1
1
1
1
1
1
1
1
1
1
1
1
1
1
1
1
1
1
1
1
1
1
1
1
1
1
1
1
1
1
1
1
1
1
1
1
1
1
1
1
1
1
1
1
1
1
1
1
1
1
1
1
1
1
1
1
1
1
1
1
1
1
1
1
1
1
1
1
1
1
1
1
1
1
1
1
1
1
1
1
1
1
1
1
1
1
1
1
1
1
1
1
1
1
1
1
1
1
1
1
1
1
1
1
1
1
1
1
1
1
1
1
1
1
1
1
1
1
1
1
1
1
1
1
1
1
1
1
1
1
1
1
1
1
1
1
1
1
1
1
1
1
1
1
1
1
1
1
1
1
1
1
1
0.999996
0.999996
0.999996
0.999996
0.999996
0.999996
0.999996
0.999996
0.999996
0.999996
0.999519
0.999519
0.999519
0.999519
0.999519
0.999519
0.999519
0.999519
0.999519
0.999519
0.998097
0.998097
0.998097
0.998097
0.998097
0.998097
0.998097
0.998097
0.998097
0.998097
0.988229
0.988258
0.988345
0.98849
0.988691
0.988946
0.989253
0.989609
0.99001
0.990749
0.991274
0.966012
0.966092
0.966333
0.966732
0.967287
0.967992
0.969574
0.970729
0.972003
0.973386
0.975497
0.925821
0.925965
0.926396
0.927112
0.928107
0.930652
0.932521
0.934631
0.93823
0.941082
0.944107
0.860739
0.860948
0.861575
0.862615
0.864063
0.86808
0.870852
0.875968
0.879958
0.88604
0.891101
0.763323
0.763585
0.764371
0.765676
0.767496
0.77295
0.776513
0.783701
0.788897
0.797678
0.804349
0.627787
0.628074
0.628935
0.630365
0.632359
0.638893
0.642919
0.651729
0.657686
0.668652
0.680317
0.454703
0.454971
0.455772
0.457104
0.458964
0.461343
0.469723
0.479104
0.485014
0.496867
0.509666
0.25928
0.259476
0.260062
0.261038
0.2624
0.264145
0.266266
0.274854
0.284443
0.295037
0.301445
0.0826873
0.0827758
0.0830412
0.0834828
0.0840998
0.0848906
0.0858532
0.0869853
0.0929726
0.099717
0.107249
3.28159e-05
3.37334e-05
3.65567e-05
4.14906e-05
4.88685e-05
5.91385e-05
7.28464e-05
9.06135e-05
0.000113111
0.000453849
0.00107744
0
0
0
0
0
0
0
0
0
0
0
0
0
0
0
0
0
0
0
0
0
0
0
0
0
0
0
0
0
0
0
0
0
0
0
0
0
0
0
0
0
0
0
0
0
0
0
0
0
0
0
0
0
0
0
0.988229
0.988258
0.988345
0.98849
0.988691
0.988946
0.989253
0.989609
0.99001
0.990749
0.991274
0.966012
0.966092
0.966333
0.966732
0.967287
0.967992
0.969574
0.970729
0.972003
0.973386
0.975497
0.925821
0.925965
0.926396
0.927112
0.928107
0.930652
0.932521
0.934631
0.93823
0.941082
0.944107
0.860739
0.860948
0.861575
0.862615
0.864063
0.86808
0.870852
0.875968
0.879958
0.88604
0.891101
0.763323
0.763585
0.764371
0.765676
0.767496
0.77295
0.776513
0.783701
0.788897
0.797678
0.804349
0.627787
0.628074
0.628935
0.630365
0.632359
0.638893
0.642919
0.651729
0.657686
0.668652
0.680317
0.454703
0.454971
0.455772
0.457104
0.458964
0.461343
0.469723
0.479104
0.485014
0.496867
0.509666
0.25928
0.259476
0.260062
0.261038
0.2624
0.264145
0.266266
0.274854
0.284443
0.295037
0.301445
0.0826873
0.0827758
0.0830412
0.0834828
0.0840998
0.0848906
0.0858532
0.0869853
0.0929726
0.099717
0.107249
3.28159e-05
3.37334e-05
3.65567e-05
4.14906e-05
4.88685e-05
5.91385e-05
7.28464e-05
9.06135e-05
0.000113111
0.000453849
0.00107744
0
0
0
0
0
0
0
0
0
0
0
0
0
0
0
0
0
0
0
0
0
0
0
0
0
0
0
0
0
0
0
0
0
0
0
0
0
0
0
0
0
0
0
0
0
0
0
0
0
0
0
0
0
0
0
0.996102
0.993001
0.988993
0.983131
0.97588
0.966046
0.953473
0.938808
0.919904
0.896909
0.869332
0.836692
0.80112
0.757662
0.708068
0.652232
0.590282
0.522659
0.450207
0.369006
0.29166
0.215672
0.144498
0.0823751
0.0314861
0.00445323
0
0
0
0
0
0
0
0
0
0
0
0
0
0
0.987771
0.983523
0.977923
0.970668
0.961421
0.950845
0.937007
0.920043
0.901138
0.877155
0.8487
0.815315
0.776585
0.735557
0.685825
0.630091
0.568516
0.501574
0.430142
0.355602
0.279935
0.205815
0.132096
0.0730589
0.0283705
0.00338823
0
0
0
0
0
0
0
0
0
0
0
0
0
0
0.970453
0.964868
0.957469
0.94919
0.938969
0.926463
0.911298
0.893071
0.871356
0.847983
0.818668
0.784602
0.745403
0.7043
0.65468
0.599381
0.538607
0.472871
0.403091
0.33068
0.257643
0.186662
0.121151
0.0616199
0.021509
0.00136283
0
0
0
0
0
0
0
0
0
0
0
0
0
0
0.938549
0.930638
0.922781
0.911953
0.90092
0.887655
0.871817
0.853037
0.830926
0.80508
0.775097
0.740598
0.701246
0.656788
0.61132
0.557042
0.497771
0.434071
0.366904
0.297717
0.228536
0.162041
0.101611
0.051326
0.0158668
8.02856e-05
0
0
0
0
0
0
0
0
0
0
0
0
0
0
0.884592
0.875385
0.866537
0.85433
0.842337
0.826231
0.810086
0.791135
0.76903
0.743415
0.713939
0.680268
0.642119
0.599285
0.55168
0.499391
0.442736
0.382341
0.319217
0.254846
0.191264
0.131131
0.0777666
0.0351329
0.00773077
0
0
0
0
0
0
0
0
0
0
0
0
0
0
0
0.797677
0.789701
0.777811
0.767203
0.751902
0.737854
0.718288
0.699835
0.678465
0.653876
0.625777
0.5939
0.558027
0.518018
0.473852
0.425674
0.373852
0.319047
0.262287
0.205047
0.149319
0.0976786
0.0533107
0.0199843
0.00194213
0
0
0
0
0
0
0
0
0
0
0
0
0
0
0
0.670018
0.662423
0.653443
0.639425
0.627691
0.610085
0.594853
0.572942
0.553378
0.531
0.505586
0.476946
0.444941
0.409514
0.370723
0.328787
0.284138
0.237482
0.189864
0.142741
0.0980422
0.0582213
0.0262706
0.00568567
0
0
0
0
0
0
0
0
0
0
0
0
0
0
0
0
0.4991
0.492497
0.484712
0.470868
0.46079
0.449089
0.430929
0.416053
0.394069
0.375434
0.354412
0.330897
0.304844
0.276287
0.245374
0.212408
0.177886
0.142559
0.10748
0.074066
0.0441469
0.0199964
0.00433462
0
0
0
0
0
0
0
0
0
0
0
0
0
0
0
0
0
0.297266
0.29231
0.286483
0.27465
0.267199
0.258586
0.243724
0.232959
0.215568
0.202378
0.187647
0.171365
0.153584
0.134438
0.114166
0.093149
0.0719423
0.0513204
0.0323168
0.0162656
0.0048328
2.98309e-05
0
0
0
0
0
0
0
0
0
0
0
0
0
0
0
0
0
0
0.10493
0.0980067
0.0950514
0.0916054
0.0876254
0.0792333
0.0743852
0.0689258
0.059384
0.0530806
0.046242
0.0389588
0.0313791
0.0237263
0.0163188
0.0095947
0.00413733
0.000703287
0
0
0
0
0
0
0
0
0
0
0
0
0
0
0
0
0
0
0
0
0
0
0.000896021
0.000699778
0.000190439
8.34674e-05
1.30513e-05
0
0
0
0
0
0
0
0
0
0
0
0
0
0
0
0
0
0
0
0
0
0
0
0
0
0
0
0
0
0
0
0
0
0
0
0
0
0
0
0
0
0
0
0
0
0
0
0
0
0
0
0
0
0
0
0
0
0
0
0
0
0
0
0
0
0
0
0
0
0
0
0
0
0
0
0
0
0
0
0
0
0
0
0
0
0
0
0
0
0
0
0
0
0
0
0
0
0
0
0
0
0
0
0
0
0
0
0
0
0
0
0
0
0
0
0
0
0
0
0
0
0
0
0
0
0
0
0
0
0
0
0
0
0
0
0
0
0
0
0
0
0
0
0
0
0
0
0
0
0
0
0
0
0
0
0
0
0
0
0
0
0
0
0
0
0
0
0
0
0
0
0
0
0
0
0
0
0
0
0
0
0
0
0
0
0
0
0
0
0
0
0
0
0
0
0
0
0
0
0
0
0
0
0
0
0
0
0
0
0
0
0
0
0
0
0
0
0
0
0
0
0
0
0
0
0
0
0
0
0
0
0
0
0
0
0.996102
0.993001
0.988993
0.983131
0.97588
0.966046
0.953473
0.938808
0.919904
0.896909
0.869332
0.836692
0.80112
0.757662
0.708068
0.652232
0.590282
0.522659
0.450207
0.369006
0.29166
0.215672
0.144498
0.0823751
0.0314861
0.00445323
0
0
0
0
0
0
0
0
0
0
0
0
0
0
0.987771
0.983523
0.977923
0.970668
0.961421
0.950845
0.937007
0.920043
0.901138
0.877155
0.8487
0.815315
0.776585
0.735557
0.685825
0.630091
0.568516
0.501574
0.430142
0.355602
0.279935
0.205815
0.132096
0.0730589
0.0283705
0.00338823
0
0
0
0
0
0
0
0
0
0
0
0
0
0
0.970453
0.964868
0.957469
0.94919
0.938969
0.926463
0.911298
0.893071
0.871356
0.847983
0.818668
0.784602
0.745403
0.7043
0.65468
0.599381
0.538607
0.472871
0.403091
0.33068
0.257643
0.186662
0.121151
0.0616199
0.021509
0.00136283
0
0
0
0
0
0
0
0
0
0
0
0
0
0
0.938549
0.930638
0.922781
0.911953
0.90092
0.887655
0.871817
0.853037
0.830926
0.80508
0.775097
0.740598
0.701246
0.656788
0.61132
0.557042
0.497771
0.434071
0.366904
0.297717
0.228536
0.162041
0.101611
0.051326
0.0158668
8.02856e-05
0
0
0
0
0
0
0
0
0
0
0
0
0
0
0.884592
0.875385
0.866537
0.85433
0.842337
0.826231
0.810086
0.791135
0.76903
0.743415
0.713939
0.680268
0.642119
0.599285
0.55168
0.499391
0.442736
0.382341
0.319217
0.254846
0.191264
0.131131
0.0777666
0.0351329
0.00773077
0
0
0
0
0
0
0
0
0
0
0
0
0
0
0
0.797677
0.789701
0.777811
0.767203
0.751902
0.737854
0.718288
0.699835
0.678465
0.653876
0.625777
0.5939
0.558027
0.518018
0.473852
0.425674
0.373852
0.319047
0.262287
0.205047
0.149319
0.0976786
0.0533107
0.0199843
0.00194213
0
0
0
0
0
0
0
0
0
0
0
0
0
0
0
0.670018
0.662423
0.653443
0.639425
0.627691
0.610085
0.594853
0.572942
0.553378
0.531
0.505586
0.476946
0.444941
0.409514
0.370723
0.328787
0.284138
0.237482
0.189864
0.142741
0.0980422
0.0582213
0.0262706
0.00568567
0
0
0
0
0
0
0
0
0
0
0
0
0
0
0
0
0.4991
0.492497
0.484712
0.470868
0.46079
0.449089
0.430929
0.416053
0.394069
0.375434
0.354412
0.330897
0.304844
0.276287
0.245374
0.212408
0.177886
0.142559
0.10748
0.074066
0.0441469
0.0199964
0.00433462
0
0
0
0
0
0
0
0
0
0
0
0
0
0
0
0
0
0.297266
0.29231
0.286483
0.27465
0.267199
0.258586
0.243724
0.232959
0.215568
0.202378
0.187647
0.171365
0.153584
0.134438
0.114166
0.093149
0.0719423
0.0513204
0.0323168
0.0162656
0.0048328
2.98309e-05
0
0
0
0
0
0
0
0
0
0
0
0
0
0
0
0
0
0
0.10493
0.0980067
0.0950514
0.0916054
0.0876254
0.0792333
0.0743852
0.0689258
0.059384
0.0530806
0.046242
0.0389588
0.0313791
0.0237263
0.0163188
0.0095947
0.00413733
0.000703287
0
0
0
0
0
0
0
0
0
0
0
0
0
0
0
0
0
0
0
0
0
0
0.000896021
0.000699778
0.000190439
8.34674e-05
1.30513e-05
0
0
0
0
0
0
0
0
0
0
0
0
0
0
0
0
0
0
0
0
0
0
0
0
0
0
0
0
0
0
0
0
0
0
0
0
0
0
0
0
0
0
0
0
0
0
0
0
0
0
0
0
0
0
0
0
0
0
0
0
0
0
0
0
0
0
0
0
0
0
0
0
0
0
0
0
0
0
0
0
0
0
0
0
0
0
0
0
0
0
0
0
0
0
0
0
0
0
0
0
0
0
0
0
0
0
0
0
0
0
0
0
0
0
0
0
0
0
0
0
0
0
0
0
0
0
0
0
0
0
0
0
0
0
0
0
0
0
0
0
0
0
0
0
0
0
0
0
0
0
0
0
0
0
0
0
0
0
0
0
0
0
0
0
0
0
0
0
0
0
0
0
0
0
0
0
0
0
0
0
0
0
0
0
0
0
0
0
0
0
0
0
0
0
0
0
0
0
0
0
0
0
0
0
0
0
0
0
0
0
0
0
0
0
0
0
0
0
0
0
0
0
0
0
0
0
0
0
0
0
0
0
0
0
0
0.995325
0.99105
0.985026
0.976979
0.966609
0.95359
0.937569
0.918176
0.895025
0.867725
0.835894
0.799178
0.757274
0.709965
0.657159
0.598939
0.535625
0.467847
0.396618
0.323424
0.250303
0.179919
0.115597
0.0613222
0.0216515
0.00151145
0
0
0
0
0
0
0
0
0
0
0
0
0
0
0.99535
0.991114
0.985139
0.977151
0.966847
0.953899
0.937953
0.918636
0.895561
0.868335
0.836573
0.799919
0.758067
0.710797
0.658014
0.599799
0.536471
0.468657
0.39737
0.324096
0.250876
0.180378
0.115933
0.0615369
0.0217567
0.00153227
0
0
0
0
0
0
0
0
0
0
0
0
0
0
0.995392
0.991219
0.985327
0.977436
0.967241
0.954411
0.93859
0.9194
0.896452
0.869348
0.837701
0.801149
0.759383
0.712178
0.659435
0.60123
0.537879
0.470004
0.39862
0.325214
0.25183
0.181141
0.116493
0.0618942
0.021932
0.00156715
0
0
0
0
0
0
0
0
0
0
0
0
0
0
0.99545
0.991366
0.985588
0.977832
0.967789
0.955123
0.939475
0.920463
0.897692
0.870759
0.839272
0.802864
0.761218
0.714104
0.661417
0.603226
0.539842
0.471884
0.400366
0.326774
0.25316
0.182207
0.117274
0.0623935
0.022177
0.0016163
0
0
0
0
0
0
0
0
0
0
0
0
0
0
0.995524
0.991552
0.985919
0.978335
0.968485
0.95683
0.941689
0.923217
0.901007
0.874648
0.84373
0.807873
0.766743
0.720091
0.667789
0.605778
0.542353
0.474291
0.402601
0.328773
0.254865
0.183572
0.118276
0.0630336
0.0224915
0.00168002
0
0
0
0
0
0
0
0
0
0
0
0
0
0
0.995612
0.991776
0.986317
0.97894
0.970043
0.958154
0.943345
0.925218
0.903358
0.877343
0.846756
0.811204
0.770342
0.723909
0.671763
0.613943
0.550722
0.482687
0.410821
0.33659
0.256938
0.185234
0.119495
0.063813
0.022875
0.00175868
0
0
0
0
0
0
0
0
0
0
0
0
0
0
0.995716
0.992035
0.986778
0.980208
0.971183
0.959646
0.945213
0.927477
0.907482
0.882275
0.8525
0.817743
0.777634
0.731884
0.680324
0.622956
0.560023
0.492076
0.415025
0.340438
0.265413
0.192655
0.125576
0.0647298
0.0233268
0.00185263
0
0
0
0
0
0
0
0
0
0
0
0
0
0
0.995832
0.992328
0.987671
0.98111
0.97244
0.961295
0.948288
0.931408
0.910846
0.886151
0.856872
0.822579
0.782886
0.737485
0.686186
0.628976
0.566075
0.498022
0.425752
0.350699
0.274884
0.200999
0.12794
0.0699095
0.0264439
0.00196226
0
0
0
0
0
0
0
0
0
0
0
0
0
0
0.995961
0.992651
0.988311
0.982087
0.973806
0.96393
0.950806
0.934468
0.914461
0.891997
0.863765
0.830507
0.791804
0.747313
0.696807
0.640227
0.577752
0.509874
0.437485
0.361982
0.285354
0.205226
0.135789
0.0757795
0.0300688
0.0030345
0
0
0
0
0
0
0
0
0
0
0
0
0
0
0.995325
0.99105
0.985026
0.976979
0.966609
0.95359
0.937569
0.918176
0.895025
0.867725
0.835894
0.799178
0.757274
0.709965
0.657159
0.598939
0.535625
0.467847
0.396618
0.323424
0.250303
0.179919
0.115597
0.0613222
0.0216515
0.00151145
0
0
0
0
0
0
0
0
0
0
0
0
0
0
0.99535
0.991114
0.985139
0.977151
0.966847
0.953899
0.937953
0.918636
0.895561
0.868335
0.836573
0.799919
0.758067
0.710797
0.658014
0.599799
0.536471
0.468657
0.39737
0.324096
0.250876
0.180378
0.115933
0.0615369
0.0217567
0.00153227
0
0
0
0
0
0
0
0
0
0
0
0
0
0
0.995392
0.991219
0.985327
0.977436
0.967241
0.954411
0.93859
0.9194
0.896452
0.869348
0.837701
0.801149
0.759383
0.712178
0.659435
0.60123
0.537879
0.470004
0.39862
0.325214
0.25183
0.181141
0.116493
0.0618942
0.021932
0.00156715
0
0
0
0
0
0
0
0
0
0
0
0
0
0
0.99545
0.991366
0.985588
0.977832
0.967789
0.955123
0.939475
0.920463
0.897692
0.870759
0.839272
0.802864
0.761218
0.714104
0.661417
0.603226
0.539842
0.471884
0.400366
0.326774
0.25316
0.182207
0.117274
0.0623935
0.022177
0.0016163
0
0
0
0
0
0
0
0
0
0
0
0
0
0
0.995524
0.991552
0.985919
0.978335
0.968485
0.95683
0.941689
0.923217
0.901007
0.874648
0.84373
0.807873
0.766743
0.720091
0.667789
0.605778
0.542353
0.474291
0.402601
0.328773
0.254865
0.183572
0.118276
0.0630336
0.0224915
0.00168002
0
0
0
0
0
0
0
0
0
0
0
0
0
0
0.995612
0.991776
0.986317
0.97894
0.970043
0.958154
0.943345
0.925218
0.903358
0.877343
0.846756
0.811204
0.770342
0.723909
0.671763
0.613943
0.550722
0.482687
0.410821
0.33659
0.256938
0.185234
0.119495
0.063813
0.022875
0.00175868
0
0
0
0
0
0
0
0
0
0
0
0
0
0
0.995716
0.992035
0.986778
0.980208
0.971183
0.959646
0.945213
0.927477
0.907482
0.882275
0.8525
0.817743
0.777634
0.731884
0.680324
0.622956
0.560023
0.492076
0.415025
0.340438
0.265413
0.192655
0.125576
0.0647298
0.0233268
0.00185263
0
0
0
0
0
0
0
0
0
0
0
0
0
0
0.995832
0.992328
0.987671
0.98111
0.97244
0.961295
0.948288
0.931408
0.910846
0.886151
0.856872
0.822579
0.782886
0.737485
0.686186
0.628976
0.566075
0.498022
0.425752
0.350699
0.274884
0.200999
0.12794
0.0699095
0.0264439
0.00196226
0
0
0
0
0
0
0
0
0
0
0
0
0
0
0.995961
0.992651
0.988311
0.982087
0.973806
0.96393
0.950806
0.934468
0.914461
0.891997
0.863765
0.830507
0.791804
0.747313
0.696807
0.640227
0.577752
0.509874
0.437485
0.361982
0.285354
0.205226
0.135789
0.0757795
0.0300688
0.0030345
0
0
0
0
0
0
0
0
0
0
0
0
0
0
1
1
1
1
1
1
1
1
1
1
1
1
1
1
1
1
1
1
1
1
1
1
1
1
1
1
1
1
1
1
1
1
1
1
1
1
1
1
1
1
1
1
1
1
1
1
1
1
1
1
1
1
1
1
1
1
1
1
1
1
1
1
1
1
1
1
1
1
1
1
1
1
1
1
1
1
1
1
1
1
1
1
1
1
1
1
1
1
1
1
1
1
1
1
1
1
1
1
1
1
1
1
1
1
1
1
1
1
1
1
1
1
1
1
1
1
1
1
1
1
1
1
1
1
1
1
1
1
1
1
1
1
1
1
1
1
1
1
1
1
1
1
1
1
1
1
1
1
1
1
1
1
1
1
1
1
1
1
1
1
1
1
1
1
1
1
1
1
1
1
1
1
1
1
1
1
1
1
1
1
1
1
1
1
1
1
1
1
1
1
1
1
1
1
1
1
1
1
0.999996
0.999996
0.999996
0.999996
0.999996
0.999996
0.999996
0.999996
0.999996
0.999996
0.999996
0.999519
0.999519
0.999519
0.999519
0.999519
0.999519
0.999519
0.999519
0.999519
0.999519
0.999519
0.998097
0.998097
0.998097
0.998097
0.998097
0.998097
0.998097
0.998097
0.998097
0.998097
0.998097
1
1
1
1
1
1
1
1
1
1
1
1
1
1
1
1
1
1
1
1
1
1
1
1
1
1
1
1
1
1
1
1
1
1
1
1
1
1
1
1
1
1
1
1
1
1
1
1
1
1
1
1
1
1
1
1
1
1
1
1
1
1
1
1
1
1
1
1
1
1
1
1
1
1
1
1
1
1
1
1
1
1
1
1
1
1
1
1
1
1
1
1
1
1
1
1
1
1
1
1
1
1
1
1
1
1
1
1
1
1
1
1
1
1
1
1
1
1
1
1
1
1
1
1
1
1
1
1
1
1
1
1
1
1
1
1
1
1
1
1
1
1
1
1
1
1
1
1
1
1
1
1
1
1
1
1
1
1
1
1
1
1
1
1
1
1
1
1
1
1
1
1
1
1
1
1
1
1
1
1
1
1
1
1
1
1
1
1
1
1
1
1
1
1
1
1
1
1
0.999996
0.999996
0.999996
0.999996
0.999996
0.999996
0.999996
0.999996
0.999996
0.999996
0.999996
0.999519
0.999519
0.999519
0.999519
0.999519
0.999519
0.999519
0.999519
0.999519
0.999519
0.999519
0.998097
0.998097
0.998097
0.998097
0.998097
0.998097
0.998097
0.998097
0.998097
0.998097
0.998097
1
1
1
1
1
1
1
1
1
1
1
1
1
1
1
1
1
1
1
1
1
1
1
1
1
1
1
1
1
1
1
1
1
1
1
1
1
1
1
1
1
1
1
1
1
1
1
1
1
1
1
1
1
1
1
1
1
1
1
1
1
1
1
1
1
1
1
1
1
1
1
1
1
1
1
1
1
1
1
1
1
1
1
1
1
1
1
1
1
1
1
1
1
1
1
1
1
1
1
1
1
1
1
1
1
1
1
1
1
1
1
1
1
1
1
1
1
1
1
1
1
1
1
1
1
1
1
1
1
1
1
1
1
1
1
1
1
1
1
1
1
1
1
1
1
1
1
1
1
1
1
1
1
1
1
1
1
1
1
1
1
1
0.999996
0.999996
0.999996
0.999996
0.999996
0.999996
0.999996
0.999996
0.999996
0.999519
0.999519
0.999519
0.999519
0.999519
0.999519
0.999519
0.999519
0.999519
0.998097
0.998097
0.998097
0.998097
0.998097
0.998097
0.998097
0.998097
0.998097
1
1
1
1
1
1
1
1
1
1
1
1
1
1
1
1
1
1
1
1
1
1
1
1
1
1
1
1
1
1
1
1
1
1
1
1
1
1
1
1
1
1
1
1
1
1
1
1
1
1
1
1
1
1
1
1
1
1
1
1
1
1
1
1
1
1
1
1
1
1
1
1
1
1
1
1
1
1
1
1
1
1
1
1
1
1
1
1
1
1
1
1
1
1
1
1
1
1
1
1
1
1
1
1
1
1
1
1
1
1
1
1
1
1
1
1
1
1
1
1
1
1
1
1
1
1
1
1
1
1
1
1
1
1
1
1
1
1
1
1
1
1
1
1
1
1
1
1
1
1
1
1
1
1
1
1
1
1
1
1
1
1
0.999996
0.999996
0.999996
0.999996
0.999996
0.999996
0.999996
0.999996
0.999996
0.999519
0.999519
0.999519
0.999519
0.999519
0.999519
0.999519
0.999519
0.999519
0.998097
0.998097
0.998097
0.998097
0.998097
0.998097
0.998097
0.998097
0.998097
0.992687
0.99273
0.992801
0.9929
0.993026
0.993177
0.993353
0.993552
0.993773
0.994014
0.983284
0.983395
0.98358
0.983836
0.984162
0.984556
0.985013
0.985909
0.986552
0.987241
0.969403
0.9696
0.969925
0.970377
0.970953
0.971649
0.973159
0.974211
0.975355
0.976585
0.950558
0.95085
0.951333
0.952005
0.952862
0.954862
0.956285
0.957862
0.959583
0.962367
0.926276
0.926668
0.927318
0.928222
0.929376
0.932194
0.934123
0.936264
0.939905
0.942699
0.896118
0.89661
0.897428
0.898568
0.901536
0.903697
0.906144
0.91042
0.913768
0.917338
0.859703
0.860294
0.861275
0.862642
0.86632
0.86893
0.871887
0.87731
0.881378
0.887563
0.816745
0.817427
0.81856
0.82014
0.824508
0.827544
0.830985
0.837541
0.842298
0.849897
0.767087
0.76785
0.769117
0.770885
0.773146
0.779322
0.7832
0.790833
0.796221
0.80518
0.710753
0.711582
0.712961
0.714884
0.717344
0.724225
0.728474
0.737083
0.746129
0.753226
0.647997
0.648875
0.650335
0.652372
0.654979
0.662445
0.666982
0.676419
0.686431
0.694078
0.579365
0.580271
0.581777
0.58388
0.586572
0.59447
0.599192
0.609263
0.620036
0.628071
0.505761
0.50667
0.508183
0.510295
0.513001
0.521144
0.525931
0.536397
0.54319
0.555903
0.428506
0.429393
0.430869
0.432931
0.435573
0.438789
0.44846
0.459037
0.465775
0.478712
0.349405
0.350242
0.351635
0.353582
0.356079
0.35912
0.368533
0.378896
0.385377
0.398143
0.270788
0.271548
0.272813
0.274581
0.276851
0.279616
0.288454
0.293081
0.304262
0.31642
0.19554
0.196197
0.19729
0.19882
0.200784
0.203179
0.206003
0.215176
0.225296
0.236381
0.127091
0.127621
0.128505
0.129742
0.131332
0.133274
0.135566
0.143321
0.151954
0.156753
0.0693483
0.0697346
0.0703791
0.0712823
0.0724452
0.0738684
0.0755529
0.081529
0.0843162
0.0919459
0.0265696
0.0268015
0.0271891
0.0277339
0.028438
0.0293039
0.0303343
0.0315321
0.0359978
0.0411267
0.00313687
0.00321285
0.00334113
0.00352407
0.00376491
0.00406765
0.00443691
0.00487783
0.00672583
0.00755459
0
0
0
0
0
0
0
0
0
0
0
0
0
0
0
0
0
0
0
0
0
0
0
0
0
0
0
0
0
0
0
0
0
0
0
0
0
0
0
0
0
0
0
0
0
0
0
0
0
0
0
0
0
0
0
0
0
0
0
0
0
0
0
0
0
0
0
0
0
0
0
0
0
0
0
0
0
0
0
0
0
0
0
0
0
0
0
0
0
0
0
0
0
0
0
0
0
0
0
0
0
0
0
0
0
0
0
0
0
0
0
0
0
0
0
0
0
0
0
0
0
0
0
0
0
0
0
0
0
0
0
0
0
0
0
0
0
0
0
0
0
0
0
0
0
0
0
0
0
0
0
0
0
0
0
0
0
0
0
0
0
0
0
0
0
0
0
0
0
0
0
0
0
0
0
0
0
0
0
0
0
0
0
0
0
0
0
0
0
0
0
0
0
0
0
0
0
0
0
0
0
0
0
0
0
0
0
0
0
0
0
0
0
0
0
0
0
0
0
0
0
0
0
0
0
0
0
0
0
0
0
0
0
0
0
0
0
0
0
0
0
0
0
0
0
0
0
0
0
0
0
0
0
0
0
0
0
0
0
0
0
0
0
0
0
0
0
0
0
0
0
0
0
0
0
0
0
0
0
0
0
0
0
0
0
0
0
0
0
0
0.992687
0.99273
0.992801
0.9929
0.993026
0.993177
0.993353
0.993552
0.993773
0.994014
0.983284
0.983395
0.98358
0.983836
0.984162
0.984556
0.985013
0.985909
0.986552
0.987241
0.969403
0.9696
0.969925
0.970377
0.970953
0.971649
0.973159
0.974211
0.975355
0.976585
0.950558
0.95085
0.951333
0.952005
0.952862
0.954862
0.956285
0.957862
0.959583
0.962367
0.926276
0.926668
0.927318
0.928222
0.929376
0.932194
0.934123
0.936264
0.939905
0.942699
0.896118
0.89661
0.897428
0.898568
0.901536
0.903697
0.906144
0.91042
0.913768
0.917338
0.859703
0.860294
0.861275
0.862642
0.86632
0.86893
0.871887
0.87731
0.881378
0.887563
0.816745
0.817427
0.81856
0.82014
0.824508
0.827544
0.830985
0.837541
0.842298
0.849897
0.767087
0.76785
0.769117
0.770885
0.773146
0.779322
0.7832
0.790833
0.796221
0.80518
0.710753
0.711582
0.712961
0.714884
0.717344
0.724225
0.728474
0.737083
0.746129
0.753226
0.647997
0.648875
0.650335
0.652372
0.654979
0.662445
0.666982
0.676419
0.686431
0.694078
0.579365
0.580271
0.581777
0.58388
0.586572
0.59447
0.599192
0.609263
0.620036
0.628071
0.505761
0.50667
0.508183
0.510295
0.513001
0.521144
0.525931
0.536397
0.54319
0.555903
0.428506
0.429393
0.430869
0.432931
0.435573
0.438789
0.44846
0.459037
0.465775
0.478712
0.349405
0.350242
0.351635
0.353582
0.356079
0.35912
0.368533
0.378896
0.385377
0.398143
0.270788
0.271548
0.272813
0.274581
0.276851
0.279616
0.288454
0.293081
0.304262
0.31642
0.19554
0.196197
0.19729
0.19882
0.200784
0.203179
0.206003
0.215176
0.225296
0.236381
0.127091
0.127621
0.128505
0.129742
0.131332
0.133274
0.135566
0.143321
0.151954
0.156753
0.0693483
0.0697346
0.0703791
0.0712823
0.0724452
0.0738684
0.0755529
0.081529
0.0843162
0.0919459
0.0265696
0.0268015
0.0271891
0.0277339
0.028438
0.0293039
0.0303343
0.0315321
0.0359978
0.0411267
0.00313687
0.00321285
0.00334113
0.00352407
0.00376491
0.00406765
0.00443691
0.00487783
0.00672583
0.00755459
0
0
0
0
0
0
0
0
0
0
0
0
0
0
0
0
0
0
0
0
0
0
0
0
0
0
0
0
0
0
0
0
0
0
0
0
0
0
0
0
0
0
0
0
0
0
0
0
0
0
0
0
0
0
0
0
0
0
0
0
0
0
0
0
0
0
0
0
0
0
0
0
0
0
0
0
0
0
0
0
0
0
0
0
0
0
0
0
0
0
0
0
0
0
0
0
0
0
0
0
0
0
0
0
0
0
0
0
0
0
0
0
0
0
0
0
0
0
0
0
0
0
0
0
0
0
0
0
0
0
0
0
0
0
0
0
0
0
0
0
0
0
0
0
0
0
0
0
0
0
0
0
0
0
0
0
0
0
0
0
0
0
0
0
0
0
0
0
0
0
0
0
0
0
0
0
0
0
0
0
0
0
0
0
0
0
0
0
0
0
0
0
0
0
0
0
0
0
0
0
0
0
0
0
0
0
0
0
0
0
0
0
0
0
0
0
0
0
0
0
0
0
0
0
0
0
0
0
0
0
0
0
0
0
0
0
0
0
0
0
0
0
0
0
0
0
0
0
0
0
0
0
0
0
0
0
0
0
0
0
0
0
0
0
0
0
0
0
0
0
0
0
0
0
0
0
0
0
0
0
0
0
0
0
0
0
0
0
0
0
0.996102
0.993001
0.988993
0.983131
0.97588
0.966046
0.953473
0.938808
0.919904
0.896909
0.869332
0.836692
0.80112
0.757662
0.708068
0.652232
0.590282
0.522659
0.450207
0.369006
0.29166
0.215672
0.144498
0.0823751
0.0314861
0.00445323
0
0
0
0
0
0
0
0
0
0
0
0
0
0
0.991155
0.987199
0.981868
0.974851
0.966697
0.955732
0.942026
0.926633
0.906697
0.882713
0.856236
0.823346
0.785073
0.74106
0.691067
0.635021
0.573086
0.505741
0.433868
0.358855
0.282691
0.208058
0.138394
0.0741077
0.0289778
0.00358321
0
0
0
0
0
0
0
0
0
0
0
0
0
0
0.983105
0.978361
0.972242
0.964456
0.954676
0.942541
0.92903
0.91157
0.890562
0.86754
0.83871
0.805016
0.766056
0.721505
0.671155
0.619193
0.557865
0.49133
0.420481
0.346708
0.266675
0.194051
0.126842
0.0692339
0.0260723
0.00185978
0
0
0
0
0
0
0
0
0
0
0
0
0
0
0.97203
0.965784
0.95895
0.950451
0.939976
0.927184
0.911699
0.893121
0.872951
0.847566
0.81784
0.783355
0.746916
0.702533
0.652534
0.5969
0.535851
0.469921
0.400044
0.32765
0.254758
0.184056
0.118961
0.0636139
0.0205239
0.00112682
0
0
0
0
0
0
0
0
0
0
0
0
0
0
0.956285
0.949908
0.941332
0.9322
0.921102
0.907715
0.891681
0.87262
0.850128
0.823793
0.793206
0.761196
0.721695
0.676956
0.626828
0.571338
0.510753
0.450798
0.382422
0.311802
0.240951
0.167603
0.105698
0.0540086
0.017243
0.0004942
0
0
0
0
0
0
0
0
0
0
0
0
0
0
0.936685
0.928574
0.920192
0.90909
0.897462
0.883569
0.867074
0.847615
0.824811
0.798271
0.767611
0.732467
0.692527
0.647562
0.601909
0.547347
0.487957
0.424338
0.35748
0.288857
0.220512
0.15513
0.0960826
0.0474153
0.0137535
2.13393e-07
0
0
0
0
0
0
0
0
0
0
0
0
0
0
0.910895
0.903138
0.892842
0.882292
0.868501
0.854213
0.837369
0.817627
0.794632
0.768015
0.737418
0.702505
0.662991
0.618673
0.569474
0.515494
0.457072
0.394856
0.329886
0.269055
0.203485
0.136453
0.0814846
0.0373892
0.00869007
0
0
0
0
0
0
0
0
0
0
0
0
0
0
0
0.878946
0.870842
0.85949
0.84861
0.833727
0.819173
0.802115
0.782233
0.759195
0.732661
0.7023
0.667804
0.628921
0.585477
0.537427
0.484897
0.42825
0.368156
0.305663
0.242289
0.18009
0.121728
0.0705023
0.0303228
0.00560137
0
0
0
0
0
0
0
0
0
0
0
0
0
0
0
0.840368
0.832023
0.822158
0.808612
0.795586
0.778071
0.760952
0.741094
0.718191
0.691929
0.662008
0.628153
0.590143
0.547841
0.501231
0.450474
0.395958
0.338372
0.278781
0.218697
0.160161
0.105799
0.058843
0.0231109
0.00288705
0
0
0
0
0
0
0
0
0
0
0
0
0
0
0
0.797562
0.78635
0.776372
0.762006
0.748947
0.730661
0.713652
0.694004
0.671436
0.645664
0.616419
0.583461
0.546603
0.505745
0.460908
0.412283
0.360291
0.305642
0.249411
0.19311
0.138758
0.0889355
0.0468034
0.0160712
0.000879142
0
0
0
0
0
0
0
0
0
0
0
0
0
0
0
0.74556
0.73367
0.723706
0.712086
0.695741
0.680744
0.660167
0.640932
0.618922
0.593882
0.565577
0.533801
0.498407
0.459331
0.416632
0.370539
0.321499
0.270248
0.21787
0.165874
0.116253
0.0715349
0.0347973
0.00962831
5.57495e-06
0
0
0
0
0
0
0
0
0
0
0
0
0
0
0
0.686472
0.67406
0.664244
0.652834
0.636098
0.621481
0.600684
0.582081
0.560868
0.536824
0.509746
0.479466
0.445875
0.408949
0.368786
0.325651
0.280023
0.232659
0.184654
0.137507
0.0931814
0.0541444
0.0233776
0.00433254
0
0
0
0
0
0
0
0
0
0
0
0
0
0
0
0
0.620636
0.607897
0.598365
0.587323
0.570445
0.556399
0.540308
0.517944
0.497784
0.475015
0.449471
0.42102
0.389594
0.355208
0.318002
0.278276
0.23654
0.193572
0.150473
0.108731
0.0702706
0.0374886
0.0132582
0.000877408
0
0
0
0
0
0
0
0
0
0
0
0
0
0
0
0
0.548755
0.535918
0.526815
0.516302
0.499575
0.486296
0.471135
0.449373
0.430529
0.409327
0.385635
0.35936
0.330474
0.299034
0.265218
0.229363
0.192009
0.153951
0.116294
0.0805073
0.0484684
0.0224938
0.00533367
0
0
0
0
0
0
0
0
0
0
0
0
0
0
0
0
0
0.471969
0.4593
0.450771
0.440953
0.424709
0.412399
0.398392
0.377639
0.360381
0.34104
0.319522
0.295774
0.269807
0.241719
0.211729
0.180205
0.147715
0.11507
0.0833722
0.0540642
0.0289685
0.010308
0.000694004
0
0
0
0
0
0
0
0
0
0
0
0
0
0
0
0
0
0.391925
0.379728
0.37192
0.362962
0.347569
0.336428
0.323798
0.304499
0.28909
0.271901
0.252873
0.231994
0.209315
0.184975
0.159226
0.132473
0.105305
0.0785419
0.0532777
0.0309208
0.0132268
0.00231099
0
0
0
0
0
0
0
0
0
0
0
0
0
0
0
0
0
0
0.305494
0.299452
0.292509
0.284572
0.270429
0.260651
0.249611
0.232237
0.218929
0.204165
0.187925
0.170236
0.151189
0.130959
0.109835
0.0882478
0.0668068
0.046335
0.0279089
0.0128926
0.00296211
0
0
0
0
0
0
0
0
0
0
0
0
0
0
0
0
0
0
0
0.226521
0.221329
0.215388
0.208623
0.196148
0.187911
0.178659
0.163692
0.152711
0.140618
0.127432
0.113215
0.0980972
0.0822891
0.0661111
0.0500179
0.0346304
0.0207677
0.00947968
0.0020744
0
0
0
0
0
0
0
0
0
0
0
0
0
0
0
0
0
0
0
0
0.153059
0.148829
0.144011
0.133989
0.128167
0.121628
0.109937
0.102244
0.0937798
0.0845616
0.0746423
0.0641223
0.0531651
0.0420148
0.0310178
0.0206468
0.0115273
0.00446539
0.000473365
0
0
0
0
0
0
0
0
0
0
0
0
0
0
0
0
0
0
0
0
0
0.089155
0.0859795
0.0784813
0.0746956
0.0704519
0.0657307
0.0571178
0.0517498
0.045939
0.0397364
0.0332287
0.0265499
0.0198948
0.0135353
0.00783829
0.00328716
0.000503645
0
0
0
0
0
0
0
0
0
0
0
0
0
0
0
0
0
0
0
0
0
0
0
0.0393032
0.0344143
0.0323024
0.0299518
0.02736
0.0221742
0.0193722
0.0163993
0.0133097
0.010185
0.00714306
0.00434746
0.0020197
0.000453003
0
0
0
0
0
0
0
0
0
0
0
0
0
0
0
0
0
0
0
0
0
0
0
0
0
0
0.0068424
0.00606305
0.0052231
0.00433474
0.002517
0.00176517
0.00106799
0.000485041
9.77282e-05
0
0
0
0
0
0
0
0
0
0
0
0
0
0
0
0
0
0
0
0
0
0
0
0
0
0
0
0
0
0
0
0
0
0
0
0
0
0
0
0
0
0
0
0
0
0
0
0
0
0
0
0
0
0
0
0
0
0
0
0
0
0
0
0
0
0
0
0
0
0
0
0
0
0
0
0
0
0
0
0
0
0
0
0
0
0
0
0
0
0
0
0
0
0
0
0
0
0
0
0
0
0
0
0
0
0
0
0
0
0
0
0
0
0
0
0
0
0
0
0
0
0
0
0
0
0
0
0
0
0
0
0
0
0
0
0
0
0
0
0
0
0
0
0
0
0
0
0
0
0
0
0
0
0
0
0
0
0
0
0
0
0
0
0
0
0
0
0
0
0
0
0
0
0
0
0
0
0
0
0
0
0
0
0
0
0
0
0
0
0
0
0
0
0
0
0
0
0
0
0
0
0
0
0
0
0
0
0
0
0
0
0
0
0
0
0
0
0
0
0
0
0
0
0
0
0
0
0
0
0
0
0
0
0
0
0
0
0
0
0
0
0
0
0
0
0
0
0
0
0
0
0
0
0
0
0
0
0
0
0
0
0
0
0
0
0
0
0
0
0
0
0
0
0
0
0
0
0
0
0
0
0
0
0
0
0
0
0
0
0
0
0
0
0
0
0
0
0
0
0
0
0
0
0
0
0
0
0
0
0
0
0
0
0
0
0
0
0
0
0
0
0
0
0
0
0
0
0
0
0
0
0
0
0
0
0
0
0
0
0
0
0
0
0
0
0
0
0
0
0
0
0
0
0
0
0
0
0
0
0
0
0
0
0
0
0
0
0
0
0
0
0
0
0
0
0
0
0
0
0
0
0
0
0
0
0
0
0
0
0
0
0
0
0
0
0
0
0
0
0
0
0
0
0
0
0
0
0
0
0
0
0
0
0
0
0
0
0
0
0
0
0
0
0
0
0
0
0
0
0
0
0
0
0
0
0
0
0
0
0
0
0
0
0
0
0
0
0
0
0
0
0
0
0
0
0
0
0
0
0
0
0
0
0
0
0
0
0
0
0
0
0
0
0
0
0
0
0
0
0
0
0
0
0
0
0
0
0
0
0
0
0
0
0
0
0
0
0
0
0
0
0
0
0
0
0
0
0
0
0
0
0
0
0
0
0
0
0
0
0
0
0
0
0
0
0
0
0
0
0
0
0
0
0
0
0
0
0
0
0
0
0
0
0
0
0
0
0
0
0
0
0
0
0
0
0
0
0
0
0
0
0
0
0
0
0
0
0
0
0
0
0
0
0
0
0
0
0
0
0
0
0
0
0
0
0
0
0
0
0
0
0
0
0
0
0
0
0
0
0
0
0
0
0
0
0
0
0
0
0
0
0
0
0
0
0
0
0
0
0
0
0
0
0
0
0
0
0
0
0
0
0
0
0
0
0
0
0
0
0
0
0
0
0
0
0
0
0
0
0
0
0
0
0
0
0
0
0
0
0
0
0
0
0
0
0
0
0
0
0
0
0
0
0
0
0
0
0
0
0
0
0
0
0
0
0
0
0
0
0
0
0
0
0
0
0
0
0
0
0
0
0
0
0
0
0
0
0
0
0
0
0
0
0
0
0
0
0
0
0
0
0
0
0
0
0
0
0
0
0
0
0
0
0
0
0
0
0
0
0
0
0
0
0
0
0
0
0
0
0
0
0
0
0
0
0
0
0
0
0
0
0
0
0
0
0
0
0
0
0
0
0
0
0
0
0
0
0
0
0
0
0
0
0
0
0
0
0
0
0
0
0
0
0
0
0
0
0
0
0
0
0
0
0
0
0
0
0
0
0
0
0
0
0
0
0
0
0
0
0
0
0
0
0
0
0
0
0
0
0
0
0
0
0
0
0
0
0
0
0
0
0
0
0
0
0
0
0
0
0
0
0
0
0
0
0
0
0
0
0
0
0
0
0
0
0
0
0
0
0
0
0
0
0
0
0
0
0
0
0
0
0
0
0
0
0
0
0
0
0
0
0
0
0
0
0
0
0
0
0
0
0
0
0
0
0
0
0
0
0
0
0
0
0
0
0
0
0
0
0
0
0
0
0
0
0
0
0
0
0
0
0
0
0
0
0
0
0
0
0
0
0
0
0
0
0
0
0
0
0
0
0
0
0
0
0
0
0
0
0
0
0
0
0
0
0
0
0
0
0
0
0
0
0
0
0
0
0
0
0
0
0
0
0
0
0
0
0
0
0
0
0
0
0
0
0
0
0
0
0
0
0
0
0
0
0
0
0
0
0
0
0
0
0
0
0
0
0
0
0
0
0
0
0
0
0
0
0
0
0
0
0
0
0
0
0
0
0
0
0
0
0
0
0
0
0
0
0
0
0
0
0
0
0
0
0
0
0
0
0
0
0
0
0
0
0
0
0
0
0
0
0
0
0
0
0
0
0
0
0
0
0
0
0
0
0
0
0
0
0
0
0
0
0
0
0
0
0
0
0
0
0
0
0
0
0
0
0
0
0
0
0
0
0
0
0
0
0
0
0
0
0
0
0
0
0
0
0
0
0
0
0
0
0
0
0
0
0
0
0
0
0
0
0
0
0
0
0
0
0
0
0
0
0
0
0
0
0
0
0
0
0
0
0
0
0
0
0
0
0
0
0
0
0
0
0
0
0
0
0
0
0
0
0
0
0
0
0
0
0
0
0.996102
0.993001
0.988993
0.983131
0.97588
0.966046
0.953473
0.938808
0.919904
0.896909
0.869332
0.836692
0.80112
0.757662
0.708068
0.652232
0.590282
0.522659
0.450207
0.369006
0.29166
0.215672
0.144498
0.0823751
0.0314861
0.00445323
0
0
0
0
0
0
0
0
0
0
0
0
0
0
0.991155
0.987199
0.981868
0.974851
0.966697
0.955732
0.942026
0.926633
0.906697
0.882713
0.856236
0.823346
0.785073
0.74106
0.691067
0.635021
0.573086
0.505741
0.433868
0.358855
0.282691
0.208058
0.138394
0.0741077
0.0289778
0.00358321
0
0
0
0
0
0
0
0
0
0
0
0
0
0
0.983105
0.978361
0.972242
0.964456
0.954676
0.942541
0.92903
0.91157
0.890562
0.86754
0.83871
0.805016
0.766056
0.721505
0.671155
0.619193
0.557865
0.49133
0.420481
0.346708
0.266675
0.194051
0.126842
0.0692339
0.0260723
0.00185978
0
0
0
0
0
0
0
0
0
0
0
0
0
0
0.97203
0.965784
0.95895
0.950451
0.939976
0.927184
0.911699
0.893121
0.872951
0.847566
0.81784
0.783355
0.746916
0.702533
0.652534
0.5969
0.535851
0.469921
0.400044
0.32765
0.254758
0.184056
0.118961
0.0636139
0.0205239
0.00112682
0
0
0
0
0
0
0
0
0
0
0
0
0
0
0.956285
0.949908
0.941332
0.9322
0.921102
0.907715
0.891681
0.87262
0.850128
0.823793
0.793206
0.761196
0.721695
0.676956
0.626828
0.571338
0.510753
0.450798
0.382422
0.311802
0.240951
0.167603
0.105698
0.0540086
0.017243
0.0004942
0
0
0
0
0
0
0
0
0
0
0
0
0
0
0.936685
0.928574
0.920192
0.90909
0.897462
0.883569
0.867074
0.847615
0.824811
0.798271
0.767611
0.732467
0.692527
0.647562
0.601909
0.547347
0.487957
0.424338
0.35748
0.288857
0.220512
0.15513
0.0960826
0.0474153
0.0137535
2.13393e-07
0
0
0
0
0
0
0
0
0
0
0
0
0
0
0.910895
0.903138
0.892842
0.882292
0.868501
0.854213
0.837369
0.817627
0.794632
0.768015
0.737418
0.702505
0.662991
0.618673
0.569474
0.515494
0.457072
0.394856
0.329886
0.269055
0.203485
0.136453
0.0814846
0.0373892
0.00869007
0
0
0
0
0
0
0
0
0
0
0
0
0
0
0
0.878946
0.870842
0.85949
0.84861
0.833727
0.819173
0.802115
0.782233
0.759195
0.732661
0.7023
0.667804
0.628921
0.585477
0.537427
0.484897
0.42825
0.368156
0.305663
0.242289
0.18009
0.121728
0.0705023
0.0303228
0.00560137
0
0
0
0
0
0
0
0
0
0
0
0
0
0
0
0.840368
0.832023
0.822158
0.808612
0.795586
0.778071
0.760952
0.741094
0.718191
0.691929
0.662008
0.628153
0.590143
0.547841
0.501231
0.450474
0.395958
0.338372
0.278781
0.218697
0.160161
0.105799
0.058843
0.0231109
0.00288705
0
0
0
0
0
0
0
0
0
0
0
0
0
0
0
0.797562
0.78635
0.776372
0.762006
0.748947
0.730661
0.713652
0.694004
0.671436
0.645664
0.616419
0.583461
0.546603
0.505745
0.460908
0.412283
0.360291
0.305642
0.249411
0.19311
0.138758
0.0889355
0.0468034
0.0160712
0.000879142
0
0
0
0
0
0
0
0
0
0
0
0
0
0
0
0.74556
0.73367
0.723706
0.712086
0.695741
0.680744
0.660167
0.640932
0.618922
0.593882
0.565577
0.533801
0.498407
0.459331
0.416632
0.370539
0.321499
0.270248
0.21787
0.165874
0.116253
0.0715349
0.0347973
0.00962831
5.57495e-06
0
0
0
0
0
0
0
0
0
0
0
0
0
0
0
0.686472
0.67406
0.664244
0.652834
0.636098
0.621481
0.600684
0.582081
0.560868
0.536824
0.509746
0.479466
0.445875
0.408949
0.368786
0.325651
0.280023
0.232659
0.184654
0.137507
0.0931814
0.0541444
0.0233776
0.00433254
0
0
0
0
0
0
0
0
0
0
0
0
0
0
0
0
0.620636
0.607897
0.598365
0.587323
0.570445
0.556399
0.540308
0.517944
0.497784
0.475015
0.449471
0.42102
0.389594
0.355208
0.318002
0.278276
0.23654
0.193572
0.150473
0.108731
0.0702706
0.0374886
0.0132582
0.000877408
0
0
0
0
0
0
0
0
0
0
0
0
0
0
0
0
0.548755
0.535918
0.526815
0.516302
0.499575
0.486296
0.471135
0.449373
0.430529
0.409327
0.385635
0.35936
0.330474
0.299034
0.265218
0.229363
0.192009
0.153951
0.116294
0.0805073
0.0484684
0.0224938
0.00533367
0
0
0
0
0
0
0
0
0
0
0
0
0
0
0
0
0
0.471969
0.4593
0.450771
0.440953
0.424709
0.412399
0.398392
0.377639
0.360381
0.34104
0.319522
0.295774
0.269807
0.241719
0.211729
0.180205
0.147715
0.11507
0.0833722
0.0540642
0.0289685
0.010308
0.000694004
0
0
0
0
0
0
0
0
0
0
0
0
0
0
0
0
0
0.391925
0.379728
0.37192
0.362962
0.347569
0.336428
0.323798
0.304499
0.28909
0.271901
0.252873
0.231994
0.209315
0.184975
0.159226
0.132473
0.105305
0.0785419
0.0532777
0.0309208
0.0132268
0.00231099
0
0
0
0
0
0
0
0
0
0
0
0
0
0
0
0
0
0
0.305494
0.299452
0.292509
0.284572
0.270429
0.260651
0.249611
0.232237
0.218929
0.204165
0.187925
0.170236
0.151189
0.130959
0.109835
0.0882478
0.0668068
0.046335
0.0279089
0.0128926
0.00296211
0
0
0
0
0
0
0
0
0
0
0
0
0
0
0
0
0
0
0
0.226521
0.221329
0.215388
0.208623
0.196148
0.187911
0.178659
0.163692
0.152711
0.140618
0.127432
0.113215
0.0980972
0.0822891
0.0661111
0.0500179
0.0346304
0.0207677
0.00947968
0.0020744
0
0
0
0
0
0
0
0
0
0
0
0
0
0
0
0
0
0
0
0
0.153059
0.148829
0.144011
0.133989
0.128167
0.121628
0.109937
0.102244
0.0937798
0.0845616
0.0746423
0.0641223
0.0531651
0.0420148
0.0310178
0.0206468
0.0115273
0.00446539
0.000473365
0
0
0
0
0
0
0
0
0
0
0
0
0
0
0
0
0
0
0
0
0
0.089155
0.0859795
0.0784813
0.0746956
0.0704519
0.0657307
0.0571178
0.0517498
0.045939
0.0397364
0.0332287
0.0265499
0.0198948
0.0135353
0.00783829
0.00328716
0.000503645
0
0
0
0
0
0
0
0
0
0
0
0
0
0
0
0
0
0
0
0
0
0
0
0.0393032
0.0344143
0.0323024
0.0299518
0.02736
0.0221742
0.0193722
0.0163993
0.0133097
0.010185
0.00714306
0.00434746
0.0020197
0.000453003
0
0
0
0
0
0
0
0
0
0
0
0
0
0
0
0
0
0
0
0
0
0
0
0
0
0
0.0068424
0.00606305
0.0052231
0.00433474
0.002517
0.00176517
0.00106799
0.000485041
9.77282e-05
0
0
0
0
0
0
0
0
0
0
0
0
0
0
0
0
0
0
0
0
0
0
0
0
0
0
0
0
0
0
0
0
0
0
0
0
0
0
0
0
0
0
0
0
0
0
0
0
0
0
0
0
0
0
0
0
0
0
0
0
0
0
0
0
0
0
0
0
0
0
0
0
0
0
0
0
0
0
0
0
0
0
0
0
0
0
0
0
0
0
0
0
0
0
0
0
0
0
0
0
0
0
0
0
0
0
0
0
0
0
0
0
0
0
0
0
0
0
0
0
0
0
0
0
0
0
0
0
0
0
0
0
0
0
0
0
0
0
0
0
0
0
0
0
0
0
0
0
0
0
0
0
0
0
0
0
0
0
0
0
0
0
0
0
0
0
0
0
0
0
0
0
0
0
0
0
0
0
0
0
0
0
0
0
0
0
0
0
0
0
0
0
0
0
0
0
0
0
0
0
0
0
0
0
0
0
0
0
0
0
0
0
0
0
0
0
0
0
0
0
0
0
0
0
0
0
0
0
0
0
0
0
0
0
0
0
0
0
0
0
0
0
0
0
0
0
0
0
0
0
0
0
0
0
0
0
0
0
0
0
0
0
0
0
0
0
0
0
0
0
0
0
0
0
0
0
0
0
0
0
0
0
0
0
0
0
0
0
0
0
0
0
0
0
0
0
0
0
0
0
0
0
0
0
0
0
0
0
0
0
0
0
0
0
0
0
0
0
0
0
0
0
0
0
0
0
0
0
0
0
0
0
0
0
0
0
0
0
0
0
0
0
0
0
0
0
0
0
0
0
0
0
0
0
0
0
0
0
0
0
0
0
0
0
0
0
0
0
0
0
0
0
0
0
0
0
0
0
0
0
0
0
0
0
0
0
0
0
0
0
0
0
0
0
0
0
0
0
0
0
0
0
0
0
0
0
0
0
0
0
0
0
0
0
0
0
0
0
0
0
0
0
0
0
0
0
0
0
0
0
0
0
0
0
0
0
0
0
0
0
0
0
0
0
0
0
0
0
0
0
0
0
0
0
0
0
0
0
0
0
0
0
0
0
0
0
0
0
0
0
0
0
0
0
0
0
0
0
0
0
0
0
0
0
0
0
0
0
0
0
0
0
0
0
0
0
0
0
0
0
0
0
0
0
0
0
0
0
0
0
0
0
0
0
0
0
0
0
0
0
0
0
0
0
0
0
0
0
0
0
0
0
0
0
0
0
0
0
0
0
0
0
0
0
0
0
0
0
0
0
0
0
0
0
0
0
0
0
0
0
0
0
0
0
0
0
0
0
0
0
0
0
0
0
0
0
0
0
0
0
0
0
0
0
0
0
0
0
0
0
0
0
0
0
0
0
0
0
0
0
0
0
0
0
0
0
0
0
0
0
0
0
0
0
0
0
0
0
0
0
0
0
0
0
0
0
0
0
0
0
0
0
0
0
0
0
0
0
0
0
0
0
0
0
0
0
0
0
0
0
0
0
0
0
0
0
0
0
0
0
0
0
0
0
0
0
0
0
0
0
0
0
0
0
0
0
0
0
0
0
0
0
0
0
0
0
0
0
0
0
0
0
0
0
0
0
0
0
0
0
0
0
0
0
0
0
0
0
0
0
0
0
0
0
0
0
0
0
0
0
0
0
0
0
0
0
0
0
0
0
0
0
0
0
0
0
0
0
0
0
0
0
0
0
0
0
0
0
0
0
0
0
0
0
0
0
0
0
0
0
0
0
0
0
0
0
0
0
0
0
0
0
0
0
0
0
0
0
0
0
0
0
0
0
0
0
0
0
0
0
0
0
0
0
0
0
0
0
0
0
0
0
0
0
0
0
0
0
0
0
0
0
0
0
0
0
0
0
0
0
0
0
0
0
0
0
0
0
0
0
0
0
0
0
0
0
0
0
0
0
0
0
0
0
0
0
0
0
0
0
0
0
0
0
0
0
0
0
0
0
0
0
0
0
0
0
0
0
0
0
0
0
0
0
0
0
0
0
0
0
0
0
0
0
0
0
0
0
0
0
0
0
0
0
0
0
0
0
0
0
0
0
0
0
0
0
0
0
0
0
0
0
0
0
0
0
0
0
0
0
0
0
0
0
0
0
0
0
0
0
0
0
0
0
0
0
0
0
0
0
0
0
0
0
0
0
0
0
0
0
0
0
0
0
0
0
0
0
0
0
0
0
0
0
0
0
0
0
0
0
0
0
0
0
0
0
0
0
0
0
0
0
0
0
0
0
0
0
0
0
0
0
0
0
0
0
0
0
0
0
0
0
0
0
0
0
0
0
0
0
0
0
0
0
0
0
0
0
0
0
0
0
0
0
0
0
0
0
0
0
0
0
0
0
0
0
0
0
0
0
0
0
0
0
0
0
0
0
0
0
0
0
0
0
0
0
0
0
0
0
0
0
0
0
0
0
0
0
0
0
0
0
0
0
0
0
0
0
0
0
0
0
0
0
0
0
0
0
0
0
0
0
0
0
0
0
0
0
0
0
0
0
0
0
0
0
0
0
0
0
0
0
0
0
0
0
0
0
0
0
0
0
0
0
0
0
0
0
0
0
0
0
0
0
0
0
0
0
0
0
0
0
0
0
0
0
0
0
0
0
0
0
0
0
0
0
0
0
0
0
0
0
0
0
0
0
0
0
0
0
0
0
0
0
0
0
0
0
0
0
0
0
0
0
0
0
0
0
0
0
0
0.995316
0.991029
0.984988
0.976922
0.96653
0.953486
0.937441
0.918022
0.894846
0.867521
0.835667
0.798931
0.75701
0.709688
0.656874
0.598652
0.535343
0.467576
0.396367
0.323199
0.250112
0.179766
0.115484
0.0612506
0.0216165
0.00150452
0
0
0
0
0
0
0
0
0
0
0
0
0
0
0.995325
0.99105
0.985026
0.976979
0.966609
0.95359
0.937569
0.918176
0.895025
0.867725
0.835894
0.799178
0.757274
0.709965
0.657159
0.598939
0.535625
0.467847
0.396618
0.323424
0.250303
0.179919
0.115597
0.0613222
0.0216515
0.00151145
0
0
0
0
0
0
0
0
0
0
0
0
0
0
0.99535
0.991114
0.985139
0.977151
0.966847
0.953899
0.937953
0.918636
0.895561
0.868335
0.836573
0.799919
0.758067
0.710797
0.658014
0.599799
0.536471
0.468657
0.39737
0.324096
0.250876
0.180378
0.115933
0.0615369
0.0217567
0.00153227
0
0
0
0
0
0
0
0
0
0
0
0
0
0
0.995392
0.991219
0.985327
0.977436
0.967241
0.954411
0.93859
0.9194
0.896452
0.869348
0.837701
0.801149
0.759383
0.712178
0.659435
0.60123
0.537879
0.470004
0.39862
0.325214
0.25183
0.181141
0.116493
0.0618942
0.021932
0.00156715
0
0
0
0
0
0
0
0
0
0
0
0
0
0
0.99545
0.991366
0.985588
0.977832
0.967789
0.955123
0.939475
0.920463
0.897692
0.870759
0.839272
0.802864
0.761218
0.714104
0.661417
0.603226
0.539842
0.471884
0.400366
0.326774
0.25316
0.182207
0.117274
0.0623935
0.022177
0.0016163
0
0
0
0
0
0
0
0
0
0
0
0
0
0
0.995524
0.991552
0.985919
0.978335
0.968485
0.95683
0.941689
0.923217
0.901007
0.874648
0.84373
0.807873
0.766743
0.720091
0.667789
0.605778
0.542353
0.474291
0.402601
0.328773
0.254865
0.183572
0.118276
0.0630336
0.0224915
0.00168002
0
0
0
0
0
0
0
0
0
0
0
0
0
0
0.995612
0.991776
0.986317
0.97894
0.970043
0.958154
0.943345
0.925218
0.903358
0.877343
0.846756
0.811204
0.770342
0.723909
0.671763
0.613943
0.550722
0.482687
0.410821
0.33659
0.256938
0.185234
0.119495
0.063813
0.022875
0.00175868
0
0
0
0
0
0
0
0
0
0
0
0
0
0
0.995716
0.992035
0.986778
0.980208
0.971183
0.959646
0.945213
0.927477
0.907482
0.882275
0.8525
0.817743
0.777634
0.731884
0.680324
0.622956
0.560023
0.492076
0.415025
0.340438
0.265413
0.192655
0.125576
0.0647298
0.0233268
0.00185263
0
0
0
0
0
0
0
0
0
0
0
0
0
0
0.995832
0.992328
0.987671
0.98111
0.97244
0.961295
0.948288
0.931408
0.910846
0.886151
0.856872
0.822579
0.782886
0.737485
0.686186
0.628976
0.566075
0.498022
0.425752
0.350699
0.274884
0.200999
0.12794
0.0699095
0.0264439
0.00196226
0
0
0
0
0
0
0
0
0
0
0
0
0
0
0.995961
0.992651
0.988311
0.982087
0.973806
0.96393
0.950806
0.934468
0.914461
0.891997
0.863765
0.830507
0.791804
0.747313
0.696807
0.640227
0.577752
0.509874
0.437485
0.361982
0.285354
0.205226
0.135789
0.0757795
0.0300688
0.0030345
0
0
0
0
0
0
0
0
0
0
0
0
0
0
0.995316
0.991029
0.984988
0.976922
0.96653
0.953486
0.937441
0.918022
0.894846
0.867521
0.835667
0.798931
0.75701
0.709688
0.656874
0.598652
0.535343
0.467576
0.396367
0.323199
0.250112
0.179766
0.115484
0.0612506
0.0216165
0.00150452
0
0
0
0
0
0
0
0
0
0
0
0
0
0
0.995325
0.99105
0.985026
0.976979
0.966609
0.95359
0.937569
0.918176
0.895025
0.867725
0.835894
0.799178
0.757274
0.709965
0.657159
0.598939
0.535625
0.467847
0.396618
0.323424
0.250303
0.179919
0.115597
0.0613222
0.0216515
0.00151145
0
0
0
0
0
0
0
0
0
0
0
0
0
0
0.99535
0.991114
0.985139
0.977151
0.966847
0.953899
0.937953
0.918636
0.895561
0.868335
0.836573
0.799919
0.758067
0.710797
0.658014
0.599799
0.536471
0.468657
0.39737
0.324096
0.250876
0.180378
0.115933
0.0615369
0.0217567
0.00153227
0
0
0
0
0
0
0
0
0
0
0
0
0
0
0.995392
0.991219
0.985327
0.977436
0.967241
0.954411
0.93859
0.9194
0.896452
0.869348
0.837701
0.801149
0.759383
0.712178
0.659435
0.60123
0.537879
0.470004
0.39862
0.325214
0.25183
0.181141
0.116493
0.0618942
0.021932
0.00156715
0
0
0
0
0
0
0
0
0
0
0
0
0
0
0.99545
0.991366
0.985588
0.977832
0.967789
0.955123
0.939475
0.920463
0.897692
0.870759
0.839272
0.802864
0.761218
0.714104
0.661417
0.603226
0.539842
0.471884
0.400366
0.326774
0.25316
0.182207
0.117274
0.0623935
0.022177
0.0016163
0
0
0
0
0
0
0
0
0
0
0
0
0
0
0.995524
0.991552
0.985919
0.978335
0.968485
0.95683
0.941689
0.923217
0.901007
0.874648
0.84373
0.807873
0.766743
0.720091
0.667789
0.605778
0.542353
0.474291
0.402601
0.328773
0.254865
0.183572
0.118276
0.0630336
0.0224915
0.00168002
0
0
0
0
0
0
0
0
0
0
0
0
0
0
0.995612
0.991776
0.986317
0.97894
0.970043
0.958154
0.943345
0.925218
0.903358
0.877343
0.846756
0.811204
0.770342
0.723909
0.671763
0.613943
0.550722
0.482687
0.410821
0.33659
0.256938
0.185234
0.119495
0.063813
0.022875
0.00175868
0
0
0
0
0
0
0
0
0
0
0
0
0
0
0.995716
0.992035
0.986778
0.980208
0.971183
0.959646
0.945213
0.927477
0.907482
0.882275
0.8525
0.817743
0.777634
0.731884
0.680324
0.622956
0.560023
0.492076
0.415025
0.340438
0.265413
0.192655
0.125576
0.0647298
0.0233268
0.00185263
0
0
0
0
0
0
0
0
0
0
0
0
0
0
0.995832
0.992328
0.987671
0.98111
0.97244
0.961295
0.948288
0.931408
0.910846
0.886151
0.856872
0.822579
0.782886
0.737485
0.686186
0.628976
0.566075
0.498022
0.425752
0.350699
0.274884
0.200999
0.12794
0.0699095
0.0264439
0.00196226
0
0
0
0
0
0
0
0
0
0
0
0
0
0
0.995961
0.992651
0.988311
0.982087
0.973806
0.96393
0.950806
0.934468
0.914461
0.891997
0.863765
0.830507
0.791804
0.747313
0.696807
0.640227
0.577752
0.509874
0.437485
0.361982
0.285354
0.205226
0.135789
0.0757795
0.0300688
0.0030345
0
0
0
0
0
0
0
0
0
0
0
0
0
0
1
1
1
1
1
1
1
1
1
1
1
1
1
1
1
1
1
1
0.999996
0.999519
0.998097
1
1
1
1
1
1
1
1
1
1
1
1
1
1
1
1
1
1
0.999996
0.999519
0.998097
1
1
1
1
1
1
1
1
1
1
1
1
1
1
1
1
1
1
0.999996
0.999519
0.998097
1
1
1
1
1
1
1
1
1
1
1
1
1
1
1
1
1
1
0.999996
0.999519
0.998097
1
1
1
1
1
1
1
1
1
1
1
1
1
1
1
1
1
1
0.999996
0.999519
0.998097
1
1
1
1
1
1
1
1
1
1
1
1
1
1
1
1
1
1
0.999996
0.999519
0.998097
1
1
1
1
1
1
1
1
1
1
1
1
1
1
1
1
1
1
0.999996
0.999519
0.998097
1
1
1
1
1
1
1
1
1
1
1
1
1
1
1
1
1
1
0.999996
0.999519
0.998097
1
1
1
1
1
1
1
1
1
1
1
1
1
1
1
1
1
1
0.999996
0.999519
0.998097
1
1
1
1
1
1
1
1
1
1
1
1
1
1
1
1
1
1
0.999996
0.999519
0.998097
1
1
1
1
1
1
1
1
1
1
1
1
1
1
1
1
1
1
0.999996
0.999519
0.998097
1
1
1
1
1
1
1
1
1
1
1
1
1
1
1
1
1
1
0.999996
0.999519
0.998097
1
1
1
1
1
1
1
1
1
1
1
1
1
1
1
1
1
1
0.999996
0.999519
0.998097
1
1
1
1
1
1
1
1
1
1
1
1
1
1
1
1
1
1
0.999996
0.999519
0.998097
1
1
1
1
1
1
1
1
1
1
1
1
1
1
1
1
1
1
0.999996
0.999519
0.998097
1
1
1
1
1
1
1
1
1
1
1
1
1
1
1
1
1
1
0.999996
0.999519
0.998097
1
1
1
1
1
1
1
1
1
1
1
1
1
1
1
1
1
1
0.999996
0.999519
0.998097
1
1
1
1
1
1
1
1
1
1
1
1
1
1
1
1
1
1
0.999996
0.999519
0.998097
1
1
1
1
1
1
1
1
1
1
1
1
1
1
1
1
1
1
0.999996
0.999519
0.998097
1
1
1
1
1
1
1
1
1
1
1
1
1
1
1
1
1
1
0.999996
0.999519
0.998097
1
1
1
1
1
1
1
1
1
1
1
1
1
1
1
1
1
1
0.999996
0.999519
0.998097
1
1
1
1
1
1
1
1
1
1
1
1
1
1
1
1
1
1
0.999996
0.999519
0.998097
1
1
1
1
1
1
1
1
1
1
1
1
1
1
1
1
1
1
0.999996
0.999519
0.998097
1
1
1
1
1
1
1
1
1
1
1
1
1
1
1
1
1
1
0.999996
0.999519
0.998097
1
1
1
1
1
1
1
1
1
1
1
1
1
1
1
1
1
1
0.999996
0.999519
0.998097
1
1
1
1
1
1
1
1
1
1
1
1
1
1
1
1
1
1
0.999996
0.999519
0.998097
1
1
1
1
1
1
1
1
1
1
1
1
1
1
1
1
1
1
0.999996
0.999519
0.998097
1
1
1
1
1
1
1
1
1
1
1
1
1
1
1
1
1
1
0.999996
0.999519
0.998097
1
1
1
1
1
1
1
1
1
1
1
1
1
1
1
1
1
1
0.999996
0.999519
0.998097
1
1
1
1
1
1
1
1
1
1
1
1
1
1
1
1
1
1
0.999996
0.999519
0.998097
1
1
1
1
1
1
1
1
1
1
1
1
1
1
1
1
1
1
0.999996
0.999519
0.998097
1
1
1
1
1
1
1
1
1
1
1
1
1
1
1
1
1
1
0.999996
0.999519
0.998097
1
1
1
1
1
1
1
1
1
1
1
1
1
1
1
1
1
1
0.999996
0.999519
0.998097
1
1
1
1
1
1
1
1
1
1
1
1
1
1
1
1
1
1
0.999996
0.999519
0.998097
1
1
1
1
1
1
1
1
1
1
1
1
1
1
1
1
1
1
0.999996
0.999519
0.998097
1
1
1
1
1
1
1
1
1
1
1
1
1
1
1
1
1
1
0.999996
0.999519
0.998097
1
1
1
1
1
1
1
1
1
1
1
1
1
1
1
1
1
1
0.999996
0.999519
0.998097
1
1
1
1
1
1
1
1
1
1
1
1
1
1
1
1
1
1
0.999996
0.999519
0.998097
0.988258
0.966092
0.925965
0.860948
0.763585
0.628074
0.454971
0.259476
0.0827758
3.37334e-05
0
0
0
0
0
0.988345
0.966333
0.926396
0.861575
0.764371
0.628935
0.455772
0.260062
0.0830412
3.65567e-05
0
0
0
0
0
0.98849
0.966732
0.927112
0.862615
0.765676
0.630365
0.457104
0.261038
0.0834828
4.14906e-05
0
0
0
0
0
0.988691
0.967287
0.928107
0.864063
0.767496
0.632359
0.458964
0.2624
0.0840998
4.88685e-05
0
0
0
0
0
0.988946
0.967992
0.930652
0.86808
0.77295
0.638893
0.461343
0.264145
0.0848906
5.91385e-05
0
0
0
0
0
0.989253
0.969574
0.932521
0.870852
0.776513
0.642919
0.469723
0.266266
0.0858532
7.28464e-05
0
0
0
0
0
0.989609
0.970729
0.934631
0.875968
0.783701
0.651729
0.479104
0.274854
0.0869853
9.06135e-05
0
0
0
0
0
0.99001
0.972003
0.93823
0.879958
0.788897
0.657686
0.485014
0.284443
0.0929726
0.000113111
0
0
0
0
0
0.990749
0.973386
0.941082
0.88604
0.797678
0.668652
0.496867
0.295037
0.099717
0.000453849
0
0
0
0
0
0.991274
0.975497
0.944107
0.891101
0.804349
0.680317
0.509666
0.301445
0.107249
0.00107744
0
0
0
0
0
0.988258
0.966092
0.925965
0.860948
0.763585
0.628074
0.454971
0.259476
0.0827758
3.37334e-05
0
0
0
0
0
0.988345
0.966333
0.926396
0.861575
0.764371
0.628935
0.455772
0.260062
0.0830412
3.65567e-05
0
0
0
0
0
0.98849
0.966732
0.927112
0.862615
0.765676
0.630365
0.457104
0.261038
0.0834828
4.14906e-05
0
0
0
0
0
0.988691
0.967287
0.928107
0.864063
0.767496
0.632359
0.458964
0.2624
0.0840998
4.88685e-05
0
0
0
0
0
0.988946
0.967992
0.930652
0.86808
0.77295
0.638893
0.461343
0.264145
0.0848906
5.91385e-05
0
0
0
0
0
0.989253
0.969574
0.932521
0.870852
0.776513
0.642919
0.469723
0.266266
0.0858532
7.28464e-05
0
0
0
0
0
0.989609
0.970729
0.934631
0.875968
0.783701
0.651729
0.479104
0.274854
0.0869853
9.06135e-05
0
0
0
0
0
0.99001
0.972003
0.93823
0.879958
0.788897
0.657686
0.485014
0.284443
0.0929726
0.000113111
0
0
0
0
0
0.990749
0.973386
0.941082
0.88604
0.797678
0.668652
0.496867
0.295037
0.099717
0.000453849
0
0
0
0
0
0.991274
0.975497
0.944107
0.891101
0.804349
0.680317
0.509666
0.301445
0.107249
0.00107744
0
0
0
0
0
0.996102
0.987771
0.970453
0.938549
0.884592
0.797677
0.670018
0.4991
0.297266
0.10493
0.000896021
0
0
0
0
0
0.993001
0.983523
0.964868
0.930638
0.875385
0.789701
0.662423
0.492497
0.29231
0.0980067
0.000699778
0
0
0
0
0
0.988993
0.977923
0.957469
0.922781
0.866537
0.777811
0.653443
0.484712
0.286483
0.0950514
0.000190439
0
0
0
0
0
0.983131
0.970668
0.94919
0.911953
0.85433
0.767203
0.639425
0.470868
0.27465
0.0916054
8.34674e-05
0
0
0
0
0
0.97588
0.961421
0.938969
0.90092
0.842337
0.751902
0.627691
0.46079
0.267199
0.0876254
1.30513e-05
0
0
0
0
0
0.966046
0.950845
0.926463
0.887655
0.826231
0.737854
0.610085
0.449089
0.258586
0.0792333
0
0
0
0
0
0
0.953473
0.937007
0.911298
0.871817
0.810086
0.718288
0.594853
0.430929
0.243724
0.0743852
0
0
0
0
0
0
0.938808
0.920043
0.893071
0.853037
0.791135
0.699835
0.572942
0.416053
0.232959
0.0689258
0
0
0
0
0
0
0.919904
0.901138
0.871356
0.830926
0.76903
0.678465
0.553378
0.394069
0.215568
0.059384
0
0
0
0
0
0
0.896909
0.877155
0.847983
0.80508
0.743415
0.653876
0.531
0.375434
0.202378
0.0530806
0
0
0
0
0
0
0.869332
0.8487
0.818668
0.775097
0.713939
0.625777
0.505586
0.354412
0.187647
0.046242
0
0
0
0
0
0
0.836692
0.815315
0.784602
0.740598
0.680268
0.5939
0.476946
0.330897
0.171365
0.0389588
0
0
0
0
0
0
0.80112
0.776585
0.745403
0.701246
0.642119
0.558027
0.444941
0.304844
0.153584
0.0313791
0
0
0
0
0
0
0.757662
0.735557
0.7043
0.656788
0.599285
0.518018
0.409514
0.276287
0.134438
0.0237263
0
0
0
0
0
0
0.708068
0.685825
0.65468
0.61132
0.55168
0.473852
0.370723
0.245374
0.114166
0.0163188
0
0
0
0
0
0
0.652232
0.630091
0.599381
0.557042
0.499391
0.425674
0.328787
0.212408
0.093149
0.0095947
0
0
0
0
0
0
0.590282
0.568516
0.538607
0.497771
0.442736
0.373852
0.284138
0.177886
0.0719423
0.00413733
0
0
0
0
0
0
0.522659
0.501574
0.472871
0.434071
0.382341
0.319047
0.237482
0.142559
0.0513204
0.000703287
0
0
0
0
0
0
0.450207
0.430142
0.403091
0.366904
0.319217
0.262287
0.189864
0.10748
0.0323168
0
0
0
0
0
0
0
0.369006
0.355602
0.33068
0.297717
0.254846
0.205047
0.142741
0.074066
0.0162656
0
0
0
0
0
0
0
0.29166
0.279935
0.257643
0.228536
0.191264
0.149319
0.0980422
0.0441469
0.0048328
0
0
0
0
0
0
0
0.215672
0.205815
0.186662
0.162041
0.131131
0.0976786
0.0582213
0.0199964
2.98309e-05
0
0
0
0
0
0
0
0.144498
0.132096
0.121151
0.101611
0.0777666
0.0533107
0.0262706
0.00433462
0
0
0
0
0
0
0
0
0.0823751
0.0730589
0.0616199
0.051326
0.0351329
0.0199843
0.00568567
0
0
0
0
0
0
0
0
0
0.0314861
0.0283705
0.021509
0.0158668
0.00773077
0.00194213
0
0
0
0
0
0
0
0
0
0
0.00445323
0.00338823
0.00136283
8.02856e-05
0
0
0
0
0
0
0
0
0
0
0
0
0
0
0
0
0
0
0
0
0
0
0
0
0
0
0
0
0
0
0
0
0
0
0
0
0
0
0
0
0
0
0
0
0
0
0
0
0
0
0
0
0
0
0
0
0
0
0
0
0
0
0
0
0
0
0
0
0
0
0
0
0
0
0
0
0
0
0
0
0
0
0
0
0
0
0
0
0
0
0
0
0
0
0
0
0
0
0
0
0
0
0
0
0
0
0
0
0
0
0
0
0
0
0
0
0
0
0
0
0
0
0
0
0
0
0
0
0
0
0
0
0
0
0
0
0
0
0
0
0
0
0
0
0
0
0
0
0
0
0
0
0
0
0
0
0
0
0
0
0
0
0
0
0
0
0
0
0
0
0
0
0
0
0
0
0
0
0
0
0
0
0
0
0
0
0
0
0
0
0
0
0
0
0
0
0
0
0
0
0
0
0
0
0
0
0
0
0
0
0
0
0
0
0
0
0
0
0
0
0
0
0
0
0
0
0
0
0
0
0
0
0
0
0
0
0.996102
0.987771
0.970453
0.938549
0.884592
0.797677
0.670018
0.4991
0.297266
0.10493
0.000896021
0
0
0
0
0
0.993001
0.983523
0.964868
0.930638
0.875385
0.789701
0.662423
0.492497
0.29231
0.0980067
0.000699778
0
0
0
0
0
0.988993
0.977923
0.957469
0.922781
0.866537
0.777811
0.653443
0.484712
0.286483
0.0950514
0.000190439
0
0
0
0
0
0.983131
0.970668
0.94919
0.911953
0.85433
0.767203
0.639425
0.470868
0.27465
0.0916054
8.34674e-05
0
0
0
0
0
0.97588
0.961421
0.938969
0.90092
0.842337
0.751902
0.627691
0.46079
0.267199
0.0876254
1.30513e-05
0
0
0
0
0
0.966046
0.950845
0.926463
0.887655
0.826231
0.737854
0.610085
0.449089
0.258586
0.0792333
0
0
0
0
0
0
0.953473
0.937007
0.911298
0.871817
0.810086
0.718288
0.594853
0.430929
0.243724
0.0743852
0
0
0
0
0
0
0.938808
0.920043
0.893071
0.853037
0.791135
0.699835
0.572942
0.416053
0.232959
0.0689258
0
0
0
0
0
0
0.919904
0.901138
0.871356
0.830926
0.76903
0.678465
0.553378
0.394069
0.215568
0.059384
0
0
0
0
0
0
0.896909
0.877155
0.847983
0.80508
0.743415
0.653876
0.531
0.375434
0.202378
0.0530806
0
0
0
0
0
0
0.869332
0.8487
0.818668
0.775097
0.713939
0.625777
0.505586
0.354412
0.187647
0.046242
0
0
0
0
0
0
0.836692
0.815315
0.784602
0.740598
0.680268
0.5939
0.476946
0.330897
0.171365
0.0389588
0
0
0
0
0
0
0.80112
0.776585
0.745403
0.701246
0.642119
0.558027
0.444941
0.304844
0.153584
0.0313791
0
0
0
0
0
0
0.757662
0.735557
0.7043
0.656788
0.599285
0.518018
0.409514
0.276287
0.134438
0.0237263
0
0
0
0
0
0
0.708068
0.685825
0.65468
0.61132
0.55168
0.473852
0.370723
0.245374
0.114166
0.0163188
0
0
0
0
0
0
0.652232
0.630091
0.599381
0.557042
0.499391
0.425674
0.328787
0.212408
0.093149
0.0095947
0
0
0
0
0
0
0.590282
0.568516
0.538607
0.497771
0.442736
0.373852
0.284138
0.177886
0.0719423
0.00413733
0
0
0
0
0
0
0.522659
0.501574
0.472871
0.434071
0.382341
0.319047
0.237482
0.142559
0.0513204
0.000703287
0
0
0
0
0
0
0.450207
0.430142
0.403091
0.366904
0.319217
0.262287
0.189864
0.10748
0.0323168
0
0
0
0
0
0
0
0.369006
0.355602
0.33068
0.297717
0.254846
0.205047
0.142741
0.074066
0.0162656
0
0
0
0
0
0
0
0.29166
0.279935
0.257643
0.228536
0.191264
0.149319
0.0980422
0.0441469
0.0048328
0
0
0
0
0
0
0
0.215672
0.205815
0.186662
0.162041
0.131131
0.0976786
0.0582213
0.0199964
2.98309e-05
0
0
0
0
0
0
0
0.144498
0.132096
0.121151
0.101611
0.0777666
0.0533107
0.0262706
0.00433462
0
0
0
0
0
0
0
0
0.0823751
0.0730589
0.0616199
0.051326
0.0351329
0.0199843
0.00568567
0
0
0
0
0
0
0
0
0
0.0314861
0.0283705
0.021509
0.0158668
0.00773077
0.00194213
0
0
0
0
0
0
0
0
0
0
0.00445323
0.00338823
0.00136283
8.02856e-05
0
0
0
0
0
0
0
0
0
0
0
0
0
0
0
0
0
0
0
0
0
0
0
0
0
0
0
0
0
0
0
0
0
0
0
0
0
0
0
0
0
0
0
0
0
0
0
0
0
0
0
0
0
0
0
0
0
0
0
0
0
0
0
0
0
0
0
0
0
0
0
0
0
0
0
0
0
0
0
0
0
0
0
0
0
0
0
0
0
0
0
0
0
0
0
0
0
0
0
0
0
0
0
0
0
0
0
0
0
0
0
0
0
0
0
0
0
0
0
0
0
0
0
0
0
0
0
0
0
0
0
0
0
0
0
0
0
0
0
0
0
0
0
0
0
0
0
0
0
0
0
0
0
0
0
0
0
0
0
0
0
0
0
0
0
0
0
0
0
0
0
0
0
0
0
0
0
0
0
0
0
0
0
0
0
0
0
0
0
0
0
0
0
0
0
0
0
0
0
0
0
0
0
0
0
0
0
0
0
0
0
0
0
0
0
0
0
0
0
0
0
0
0
0
0
0
0
0
0
0
0
0
0
0
0
0
0.995325
0.99535
0.995392
0.99545
0.995524
0.995612
0.995716
0.995832
0.995961
0.99105
0.991114
0.991219
0.991366
0.991552
0.991776
0.992035
0.992328
0.992651
0.985026
0.985139
0.985327
0.985588
0.985919
0.986317
0.986778
0.987671
0.988311
0.976979
0.977151
0.977436
0.977832
0.978335
0.97894
0.980208
0.98111
0.982087
0.966609
0.966847
0.967241
0.967789
0.968485
0.970043
0.971183
0.97244
0.973806
0.95359
0.953899
0.954411
0.955123
0.95683
0.958154
0.959646
0.961295
0.96393
0.937569
0.937953
0.93859
0.939475
0.941689
0.943345
0.945213
0.948288
0.950806
0.918176
0.918636
0.9194
0.920463
0.923217
0.925218
0.927477
0.931408
0.934468
0.895025
0.895561
0.896452
0.897692
0.901007
0.903358
0.907482
0.910846
0.914461
0.867725
0.868335
0.869348
0.870759
0.874648
0.877343
0.882275
0.886151
0.891997
0.835894
0.836573
0.837701
0.839272
0.84373
0.846756
0.8525
0.856872
0.863765
0.799178
0.799919
0.801149
0.802864
0.807873
0.811204
0.817743
0.822579
0.830507
0.757274
0.758067
0.759383
0.761218
0.766743
0.770342
0.777634
0.782886
0.791804
0.709965
0.710797
0.712178
0.714104
0.720091
0.723909
0.731884
0.737485
0.747313
0.657159
0.658014
0.659435
0.661417
0.667789
0.671763
0.680324
0.686186
0.696807
0.598939
0.599799
0.60123
0.603226
0.605778
0.613943
0.622956
0.628976
0.640227
0.535625
0.536471
0.537879
0.539842
0.542353
0.550722
0.560023
0.566075
0.577752
0.467847
0.468657
0.470004
0.471884
0.474291
0.482687
0.492076
0.498022
0.509874
0.396618
0.39737
0.39862
0.400366
0.402601
0.410821
0.415025
0.425752
0.437485
0.323424
0.324096
0.325214
0.326774
0.328773
0.33659
0.340438
0.350699
0.361982
0.250303
0.250876
0.25183
0.25316
0.254865
0.256938
0.265413
0.274884
0.285354
0.179919
0.180378
0.181141
0.182207
0.183572
0.185234
0.192655
0.200999
0.205226
0.115597
0.115933
0.116493
0.117274
0.118276
0.119495
0.125576
0.12794
0.135789
0.0613222
0.0615369
0.0618942
0.0623935
0.0630336
0.063813
0.0647298
0.0699095
0.0757795
0.0216515
0.0217567
0.021932
0.022177
0.0224915
0.022875
0.0233268
0.0264439
0.0300688
0.00151145
0.00153227
0.00156715
0.0016163
0.00168002
0.00175868
0.00185263
0.00196226
0.0030345
0
0
0
0
0
0
0
0
0
0
0
0
0
0
0
0
0
0
0
0
0
0
0
0
0
0
0
0
0
0
0
0
0
0
0
0
0
0
0
0
0
0
0
0
0
0
0
0
0
0
0
0
0
0
0
0
0
0
0
0
0
0
0
0
0
0
0
0
0
0
0
0
0
0
0
0
0
0
0
0
0
0
0
0
0
0
0
0
0
0
0
0
0
0
0
0
0
0
0
0
0
0
0
0
0
0
0
0
0
0
0
0
0
0
0
0
0
0
0
0
0
0
0
0
0
0
0.995325
0.99535
0.995392
0.99545
0.995524
0.995612
0.995716
0.995832
0.995961
0.99105
0.991114
0.991219
0.991366
0.991552
0.991776
0.992035
0.992328
0.992651
0.985026
0.985139
0.985327
0.985588
0.985919
0.986317
0.986778
0.987671
0.988311
0.976979
0.977151
0.977436
0.977832
0.978335
0.97894
0.980208
0.98111
0.982087
0.966609
0.966847
0.967241
0.967789
0.968485
0.970043
0.971183
0.97244
0.973806
0.95359
0.953899
0.954411
0.955123
0.95683
0.958154
0.959646
0.961295
0.96393
0.937569
0.937953
0.93859
0.939475
0.941689
0.943345
0.945213
0.948288
0.950806
0.918176
0.918636
0.9194
0.920463
0.923217
0.925218
0.927477
0.931408
0.934468
0.895025
0.895561
0.896452
0.897692
0.901007
0.903358
0.907482
0.910846
0.914461
0.867725
0.868335
0.869348
0.870759
0.874648
0.877343
0.882275
0.886151
0.891997
0.835894
0.836573
0.837701
0.839272
0.84373
0.846756
0.8525
0.856872
0.863765
0.799178
0.799919
0.801149
0.802864
0.807873
0.811204
0.817743
0.822579
0.830507
0.757274
0.758067
0.759383
0.761218
0.766743
0.770342
0.777634
0.782886
0.791804
0.709965
0.710797
0.712178
0.714104
0.720091
0.723909
0.731884
0.737485
0.747313
0.657159
0.658014
0.659435
0.661417
0.667789
0.671763
0.680324
0.686186
0.696807
0.598939
0.599799
0.60123
0.603226
0.605778
0.613943
0.622956
0.628976
0.640227
0.535625
0.536471
0.537879
0.539842
0.542353
0.550722
0.560023
0.566075
0.577752
0.467847
0.468657
0.470004
0.471884
0.474291
0.482687
0.492076
0.498022
0.509874
0.396618
0.39737
0.39862
0.400366
0.402601
0.410821
0.415025
0.425752
0.437485
0.323424
0.324096
0.325214
0.326774
0.328773
0.33659
0.340438
0.350699
0.361982
0.250303
0.250876
0.25183
0.25316
0.254865
0.256938
0.265413
0.274884
0.285354
0.179919
0.180378
0.181141
0.182207
0.183572
0.185234
0.192655
0.200999
0.205226
0.115597
0.115933
0.116493
0.117274
0.118276
0.119495
0.125576
0.12794
0.135789
0.0613222
0.0615369
0.0618942
0.0623935
0.0630336
0.063813
0.0647298
0.0699095
0.0757795
0.0216515
0.0217567
0.021932
0.022177
0.0224915
0.022875
0.0233268
0.0264439
0.0300688
0.00151145
0.00153227
0.00156715
0.0016163
0.00168002
0.00175868
0.00185263
0.00196226
0.0030345
0
0
0
0
0
0
0
0
0
0
0
0
0
0
0
0
0
0
0
0
0
0
0
0
0
0
0
0
0
0
0
0
0
0
0
0
0
0
0
0
0
0
0
0
0
0
0
0
0
0
0
0
0
0
0
0
0
0
0
0
0
0
0
0
0
0
0
0
0
0
0
0
0
0
0
0
0
0
0
0
0
0
0
0
0
0
0
0
0
0
0
0
0
0
0
0
0
0
0
0
0
0
0
0
0
0
0
0
0
0
0
0
0
0
0
0
0
0
0
0
0
0
0
0
0
0
)
;

boundaryField
{
    top
    {
        type            calculated;
    }
    bottom
    {
        type            calculated;
    }
    inlet
    {
        type            calculated;
    }
    outlet
    {
        type            calculated;
    }
    cylinder
    {
        type            calculated;
    }
    frontAndBack
    {
        type            empty;
    }
}


// ************************************************************************* //
